indicator,API_UserName,obs_date,OpDiv,observations,curr_date
102.90.61.13,74198686107399967946,2025-03-21,VA,39,2025-03-21
102.91.94.193,74198686107399967946,2025-03-21,VA,30,2025-03-21
103.225.136.166,74198686107399967946,2025-03-21,VA,12,2025-03-21
122.187.101.182,74198686107399967946,2025-03-21,VA,32,2025-03-21
123.136.100.101,74198686107399967946,2025-03-21,VA,14,2025-03-21
149.102.250.14,74198686107399967946,2025-03-21,VA,44,2025-03-21
171.25.193.78,74198686107399967946,2025-03-21,VA,3,2025-03-21
185.154.147.16,74198686107399967946,2025-03-21,VA,8,2025-03-21
185.220.100.240,74198686107399967946,2025-03-21,VA,11,2025-03-21
203.160.86.69,74198686107399967946,2025-03-21,VA,5,2025-03-21
203.239.31.150,74198686107399967946,2025-03-21,VA,43,2025-03-21
213.207.184.98,74198686107399967946,2025-03-21,VA,1,2025-03-21
217.170.194.54,74198686107399967946,2025-03-21,VA,36,2025-03-21
223.25.1.25,74198686107399967946,2025-03-21,VA,28,2025-03-21
45.142.193.131,74198686107399967946,2025-03-21,VA,56,2025-03-21
45.142.193.141,74198686107399967946,2025-03-21,VA,114,2025-03-21
45.142.193.152,74198686107399967946,2025-03-21,VA,58,2025-03-21
45.142.193.183,74198686107399967946,2025-03-21,VA,150,2025-03-21
45.142.193.207,74198686107399967946,2025-03-21,VA,152,2025-03-21
45.142.193.247,74198686107399967946,2025-03-21,VA,148,2025-03-21
45.142.193.51,74198686107399967946,2025-03-21,VA,69,2025-03-21
45.142.193.66,74198686107399967946,2025-03-21,VA,88,2025-03-21
45.142.193.75,74198686107399967946,2025-03-21,VA,40,2025-03-21
50.31.156.115,74198686107399967946,2025-03-21,VA,45,2025-03-21
61.95.255.74,74198686107399967946,2025-03-21,VA,38,2025-03-21
66.118.80.11,74198686107399967946,2025-03-21,VA,62,2025-03-21
80.71.82.118,74198686107399967946,2025-03-21,VA,31,2025-03-21
102.90.61.13,74198686107399967946,2025-03-22,VA,45,2025-03-22
102.91.94.193,74198686107399967946,2025-03-22,VA,33,2025-03-22
103.225.136.166,74198686107399967946,2025-03-22,VA,18,2025-03-22
118.193.59.10,74198686107399967946,2025-03-22,VA,21,2025-03-22
122.187.101.182,74198686107399967946,2025-03-22,VA,32,2025-03-22
123.136.100.101,74198686107399967946,2025-03-22,VA,16,2025-03-22
149.102.250.14,74198686107399967946,2025-03-22,VA,51,2025-03-22
185.130.156.7,74198686107399967946,2025-03-22,VA,3,2025-03-22
185.154.147.16,74198686107399967946,2025-03-22,VA,2,2025-03-22
185.220.100.240,74198686107399967946,2025-03-22,VA,10,2025-03-22
217.170.194.54,74198686107399967946,2025-03-22,VA,50,2025-03-22
223.25.1.25,74198686107399967946,2025-03-22,VA,35,2025-03-22
45.142.193.106,74198686107399967946,2025-03-22,VA,40,2025-03-22
45.142.193.141,74198686107399967946,2025-03-22,VA,140,2025-03-22
45.142.193.152,74198686107399967946,2025-03-22,VA,11,2025-03-22
45.142.193.183,74198686107399967946,2025-03-22,VA,134,2025-03-22
45.142.193.207,74198686107399967946,2025-03-22,VA,132,2025-03-22
45.142.193.247,74198686107399967946,2025-03-22,VA,146,2025-03-22
45.142.193.51,74198686107399967946,2025-03-22,VA,76,2025-03-22
45.142.193.61,74198686107399967946,2025-03-22,VA,1,2025-03-22
45.142.193.66,74198686107399967946,2025-03-22,VA,6,2025-03-22
64.88.192.20,74198686107399967946,2025-03-22,VA,48,2025-03-22
66.118.80.11,74198686107399967946,2025-03-22,VA,80,2025-03-22
79.127.211.213,74198686107399967946,2025-03-22,VA,60,2025-03-22
80.71.82.118,74198686107399967946,2025-03-22,VA,43,2025-03-22
ctrk.klclick2.com,74198686107399967946,2025-03-22,VA,27,2025-03-22
www.deepseek.com,74198686107399967946,2025-03-22,VA,15,2025-03-22
118.193.59.10,74198686107399967946,2025-03-23,VA,43,2025-03-23
154.64.226.166,74198686107399967946,2025-03-23,VA,2,2025-03-23
185.220.100.240,74198686107399967946,2025-03-23,VA,12,2025-03-23
203.239.31.150,74198686107399967946,2025-03-23,VA,56,2025-03-23
217.170.194.54,74198686107399967946,2025-03-23,VA,50,2025-03-23
45.142.193.141,74198686107399967946,2025-03-23,VA,158,2025-03-23
45.142.193.152,74198686107399967946,2025-03-23,VA,74,2025-03-23
45.142.193.183,74198686107399967946,2025-03-23,VA,54,2025-03-23
45.142.193.247,74198686107399967946,2025-03-23,VA,46,2025-03-23
45.142.193.51,74198686107399967946,2025-03-23,VA,26,2025-03-23
50.31.156.115,74198686107399967946,2025-03-23,VA,14,2025-03-23
chat.deepseek.com,74198686107399967946,2025-03-23,VA,75,2025-03-23
ctrk.klclick2.com,74198686107399967946,2025-03-23,VA,31,2025-03-23
www.deepseek.com,74198686107399967946,2025-03-23,VA,4,2025-03-23
118.193.59.10,74198686107399967946,2025-03-24,VA,46,2025-03-24
185.220.100.240,74198686107399967946,2025-03-24,VA,13,2025-03-24
203.239.31.150,74198686107399967946,2025-03-24,VA,45,2025-03-24
217.170.194.54,74198686107399967946,2025-03-24,VA,38,2025-03-24
3.14.182.203,74198686107399967946,2025-03-24,VA,1,2025-03-24
45.142.193.131,74198686107399967946,2025-03-24,VA,2,2025-03-24
45.142.193.141,74198686107399967946,2025-03-24,VA,136,2025-03-24
45.142.193.152,74198686107399967946,2025-03-24,VA,69,2025-03-24
45.142.193.183,74198686107399967946,2025-03-24,VA,160,2025-03-24
45.142.193.207,74198686107399967946,2025-03-24,VA,148,2025-03-24
45.142.193.51,74198686107399967946,2025-03-24,VA,76,2025-03-24
50.31.156.115,74198686107399967946,2025-03-24,VA,48,2025-03-24
chat.deepseek.com,74198686107399967946,2025-03-24,VA,34,2025-03-24
ctrk.klclick2.com,74198686107399967946,2025-03-24,VA,50,2025-03-24
118.193.59.10,74198686107399967946,2025-03-25,VA,46,2025-03-25
171.25.193.78,74198686107399967946,2025-03-25,VA,13,2025-03-25
185.220.100.240,74198686107399967946,2025-03-25,VA,9,2025-03-25
217.170.194.54,74198686107399967946,2025-03-25,VA,39,2025-03-25
23.205.105.180,74198686107399967946,2025-03-25,VA,17,2025-03-25
3.14.182.203,74198686107399967946,2025-03-25,VA,1,2025-03-25
45.142.193.141,74198686107399967946,2025-03-25,VA,74,2025-03-25
45.142.193.152,74198686107399967946,2025-03-25,VA,64,2025-03-25
45.142.193.183,74198686107399967946,2025-03-25,VA,160,2025-03-25
45.142.193.207,74198686107399967946,2025-03-25,VA,164,2025-03-25
45.142.193.247,74198686107399967946,2025-03-25,VA,158,2025-03-25
45.142.193.51,74198686107399967946,2025-03-25,VA,77,2025-03-25
50.31.156.115,74198686107399967946,2025-03-25,VA,49,2025-03-25
blacksaltys.com,74198686107399967946,2025-03-25,VA,2,2025-03-25
chat.deepseek.com,74198686107399967946,2025-03-25,VA,35,2025-03-25
ctrk.klclick2.com,74198686107399967946,2025-03-25,VA,48,2025-03-25
vtext.com,74198686107399967946,2025-03-25,VA,56,2025-03-25
www.deepseek.com.cdn.cloudflare.net,74198686107399967946,2025-03-25,VA,4,2025-03-25
www.deepseek.com,74198686107399967946,2025-03-25,VA,16,2025-03-25
118.193.59.10,74198686107399967946,2025-03-26,VA,45,2025-03-26
171.25.193.78,74198686107399967946,2025-03-26,VA,3,2025-03-26
185.220.100.240,74198686107399967946,2025-03-26,VA,10,2025-03-26
203.239.31.150,74198686107399967946,2025-03-26,VA,42,2025-03-26
217.170.194.54,74198686107399967946,2025-03-26,VA,37,2025-03-26
23.205.105.180,74198686107399967946,2025-03-26,VA,11,2025-03-26
45.142.193.106,74198686107399967946,2025-03-26,VA,8,2025-03-26
45.142.193.152,74198686107399967946,2025-03-26,VA,41,2025-03-26
45.142.193.183,74198686107399967946,2025-03-26,VA,129,2025-03-26
45.142.193.207,74198686107399967946,2025-03-26,VA,130,2025-03-26
45.142.193.247,74198686107399967946,2025-03-26,VA,131,2025-03-26
50.31.156.115,74198686107399967946,2025-03-26,VA,43,2025-03-26
65.21.203.39,74198686107399967946,2025-03-26,VA,30,2025-03-26
africa.thesmalladventureguide.com,74198686107399967946,2025-03-26,VA,1,2025-03-26
chat.deepseek.com,74198686107399967946,2025-03-26,VA,17,2025-03-26
ctrk.klclick2.com,74198686107399967946,2025-03-26,VA,52,2025-03-26
doculivery.com,74198686107399967946,2025-03-26,VA,2,2025-03-26
vtext.com,74198686107399967946,2025-03-26,VA,51,2025-03-26
www.deepseek.com.cdn.cloudflare.net,74198686107399967946,2025-03-26,VA,4,2025-03-26
www.deepseek.com,74198686107399967946,2025-03-26,VA,9,2025-03-26
118.193.59.10,74198686107399967946,2025-03-27,VA,13,2025-03-27
203.239.31.150,74198686107399967946,2025-03-27,VA,38,2025-03-27
217.170.194.54,74198686107399967946,2025-03-27,VA,43,2025-03-27
45.142.193.183,74198686107399967946,2025-03-27,VA,73,2025-03-27
45.142.193.207,74198686107399967946,2025-03-27,VA,72,2025-03-27
45.142.193.247,74198686107399967946,2025-03-27,VA,81,2025-03-27
50.31.156.115,74198686107399967946,2025-03-27,VA,46,2025-03-27
65.21.203.39,74198686107399967946,2025-03-27,VA,48,2025-03-27
blackshelter.org,74198686107399967946,2025-03-27,VA,1,2025-03-27
chat.deepseek.com,74198686107399967946,2025-03-27,VA,21,2025-03-27
omnicell.com,74198686107399967946,2025-03-27,VA,28,2025-03-27
vtext.com,74198686107399967946,2025-03-27,VA,49,2025-03-27
www.deepseek.com.cdn.cloudflare.net,74198686107399967946,2025-03-27,VA,5,2025-03-27
www.deepseek.com,74198686107399967946,2025-03-27,VA,10,2025-03-27
118.193.59.10,74198686107399967946,2025-03-28,VA,8,2025-03-28
154.64.226.166,74198686107399967946,2025-03-28,VA,4,2025-03-28
198.98.54.209,74198686107399967946,2025-03-28,VA,6,2025-03-28
203.239.31.150,74198686107399967946,2025-03-28,VA,44,2025-03-28
217.170.194.54,74198686107399967946,2025-03-28,VA,36,2025-03-28
23.205.105.180,74198686107399967946,2025-03-28,VA,19,2025-03-28
3.14.182.203,74198686107399967946,2025-03-28,VA,3,2025-03-28
45.142.193.106,74198686107399967946,2025-03-28,VA,9,2025-03-28
45.142.193.183,74198686107399967946,2025-03-28,VA,54,2025-03-28
45.142.193.207,74198686107399967946,2025-03-28,VA,55,2025-03-28
45.142.193.247,74198686107399967946,2025-03-28,VA,51,2025-03-28
65.21.203.39,74198686107399967946,2025-03-28,VA,49,2025-03-28
africa.thesmalladventureguide.com,74198686107399967946,2025-03-28,VA,2,2025-03-28
blacksaltys.com,74198686107399967946,2025-03-28,VA,1,2025-03-28
chat.deepseek.com,74198686107399967946,2025-03-28,VA,7,2025-03-28
ctrk.klclick2.com,74198686107399967946,2025-03-28,VA,45,2025-03-28
omnicell.com,74198686107399967946,2025-03-28,VA,43,2025-03-28
vtext.com,74198686107399967946,2025-03-28,VA,56,2025-03-28
www.deepseek.com,74198686107399967946,2025-03-28,VA,17,2025-03-28
118.193.59.10,74198686107399967946,2025-03-29,VA,24,2025-03-29
154.64.226.166,74198686107399967946,2025-03-29,VA,13,2025-03-29
169.150.227.205,74198686107399967946,2025-03-29,VA,3,2025-03-29
203.239.31.150,74198686107399967946,2025-03-29,VA,50,2025-03-29
217.170.194.54,74198686107399967946,2025-03-29,VA,48,2025-03-29
23.205.105.180,74198686107399967946,2025-03-29,VA,12,2025-03-29
45.142.193.183,74198686107399967946,2025-03-29,VA,33,2025-03-29
45.142.193.207,74198686107399967946,2025-03-29,VA,38,2025-03-29
45.142.193.247,74198686107399967946,2025-03-29,VA,39,2025-03-29
50.31.156.115,74198686107399967946,2025-03-29,VA,5,2025-03-29
chat.deepseek.com,74198686107399967946,2025-03-29,VA,1,2025-03-29
ctrk.klclick2.com,74198686107399967946,2025-03-29,VA,36,2025-03-29
omnicell.com,74198686107399967946,2025-03-29,VA,32,2025-03-29
vtext.com,74198686107399967946,2025-03-29,VA,55,2025-03-29
www.deepseek.com,74198686107399967946,2025-03-29,VA,8,2025-03-29
118.193.59.10,74198686107399967946,2025-03-30,VA,25,2025-03-30
154.64.226.166,74198686107399967946,2025-03-30,VA,14,2025-03-30
203.239.31.150,74198686107399967946,2025-03-30,VA,4,2025-03-30
217.170.194.54,74198686107399967946,2025-03-30,VA,54,2025-03-30
23.205.105.180,74198686107399967946,2025-03-30,VA,7,2025-03-30
3.14.182.203,74198686107399967946,2025-03-30,VA,1,2025-03-30
45.142.193.183,74198686107399967946,2025-03-30,VA,90,2025-03-30
45.142.193.207,74198686107399967946,2025-03-30,VA,94,2025-03-30
45.142.193.247,74198686107399967946,2025-03-30,VA,96,2025-03-30
50.31.156.115,74198686107399967946,2025-03-30,VA,15,2025-03-30
65.21.203.39,74198686107399967946,2025-03-30,VA,58,2025-03-30
chat.deepseek.com,74198686107399967946,2025-03-30,VA,30,2025-03-30
omnicell.com,74198686107399967946,2025-03-30,VA,39,2025-03-30
vtext.com,74198686107399967946,2025-03-30,VA,56,2025-03-30
www.deepseek.com,74198686107399967946,2025-03-30,VA,5,2025-03-30
118.193.59.10,74198686107399967946,2025-03-31,VA,21,2025-03-31
154.64.226.166,74198686107399967946,2025-03-31,VA,16,2025-03-31
217.170.194.54,74198686107399967946,2025-03-31,VA,38,2025-03-31
23.205.105.180,74198686107399967946,2025-03-31,VA,15,2025-03-31
3.14.182.203,74198686107399967946,2025-03-31,VA,1,2025-03-31
45.142.193.183,74198686107399967946,2025-03-31,VA,76,2025-03-31
45.142.193.207,74198686107399967946,2025-03-31,VA,77,2025-03-31
45.142.193.247,74198686107399967946,2025-03-31,VA,81,2025-03-31
50.31.156.115,74198686107399967946,2025-03-31,VA,45,2025-03-31
65.21.203.39,74198686107399967946,2025-03-31,VA,48,2025-03-31
chat.deepseek.com,74198686107399967946,2025-03-31,VA,80,2025-03-31
omnicell.com,74198686107399967946,2025-03-31,VA,47,2025-03-31
vtext.com,74198686107399967946,2025-03-31,VA,49,2025-03-31
www.deepseek.com.cdn.cloudflare.net,74198686107399967946,2025-03-31,VA,4,2025-03-31
www.deepseek.com,74198686107399967946,2025-03-31,VA,8,2025-03-31
118.193.59.10,74198686107399967946,2025-04-01,VA,21,2025-04-01
154.64.226.166,74198686107399967946,2025-04-01,VA,10,2025-04-01
169.150.227.205,74198686107399967946,2025-04-01,VA,6,2025-04-01
217.170.194.54,74198686107399967946,2025-04-01,VA,45,2025-04-01
23.205.105.180,74198686107399967946,2025-04-01,VA,13,2025-04-01
3.14.182.203,74198686107399967946,2025-04-01,VA,2,2025-04-01
45.142.193.183,74198686107399967946,2025-04-01,VA,83,2025-04-01
45.142.193.207,74198686107399967946,2025-04-01,VA,75,2025-04-01
45.142.193.247,74198686107399967946,2025-04-01,VA,82,2025-04-01
50.31.156.115,74198686107399967946,2025-04-01,VA,66,2025-04-01
65.21.203.39,74198686107399967946,2025-04-01,VA,11,2025-04-01
blacksaltys.com,74198686107399967946,2025-04-01,VA,1,2025-04-01
chat.deepseek.com,74198686107399967946,2025-04-01,VA,25,2025-04-01
ctrk.klclick2.com,74198686107399967946,2025-04-01,VA,51,2025-04-01
gobookmart.com,74198686107399967946,2025-04-01,VA,3,2025-04-01
omnicell.com,74198686107399967946,2025-04-01,VA,46,2025-04-01
www.deepseek.com.cdn.cloudflare.net,74198686107399967946,2025-04-01,VA,5,2025-04-01
www.deepseek.com,74198686107399967946,2025-04-01,VA,12,2025-04-01
118.193.59.10,74198686107399967946,2025-04-02,VA,25,2025-04-02
154.64.226.166,74198686107399967946,2025-04-02,VA,5,2025-04-02
217.170.194.54,74198686107399967946,2025-04-02,VA,36,2025-04-02
23.205.105.180,74198686107399967946,2025-04-02,VA,8,2025-04-02
3.14.182.203,74198686107399967946,2025-04-02,VA,2,2025-04-02
45.142.193.106,74198686107399967946,2025-04-02,VA,7,2025-04-02
45.142.193.183,74198686107399967946,2025-04-02,VA,76,2025-04-02
45.142.193.207,74198686107399967946,2025-04-02,VA,72,2025-04-02
50.31.156.115,74198686107399967946,2025-04-02,VA,55,2025-04-02
blacksaltys.com,74198686107399967946,2025-04-02,VA,1,2025-04-02
chat.deepseek.com,74198686107399967946,2025-04-02,VA,17,2025-04-02
ctrk.klclick2.com,74198686107399967946,2025-04-02,VA,44,2025-04-02
omnicell.com,74198686107399967946,2025-04-02,VA,46,2025-04-02
vtext.com,74198686107399967946,2025-04-02,VA,50,2025-04-02
www.deepseek.com.cdn.cloudflare.net,74198686107399967946,2025-04-02,VA,10,2025-04-02
www.deepseek.com,74198686107399967946,2025-04-02,VA,20,2025-04-02
217.170.194.54,74198686107399967946,2025-04-03,VA,3,2025-04-03
45.142.193.183,74198686107399967946,2025-04-03,VA,4,2025-04-03
45.142.193.207,74198686107399967946,2025-04-03,VA,5,2025-04-03
chat.deepseek.com,74198686107399967946,2025-04-03,VA,1,2025-04-03
104.18.32.191,74198686107399967946,2025-04-09,VA,17,2025-04-09
104.21.3.76,74198686107399967946,2025-04-09,VA,2,2025-04-09
118.193.59.10,74198686107399967946,2025-04-09,VA,5,2025-04-09
118.193.72.187,74198686107399967946,2025-04-09,VA,8,2025-04-09
162.142.125.242,74198686107399967946,2025-04-09,VA,50,2025-04-09
162.142.125.255,74198686107399967946,2025-04-09,VA,48,2025-04-09
162.241.225.237,74198686107399967946,2025-04-09,VA,3,2025-04-09
172.240.108.68,74198686107399967946,2025-04-09,VA,40,2025-04-09
172.98.33.195,74198686107399967946,2025-04-09,VA,22,2025-04-09
185.220.100.240,74198686107399967946,2025-04-09,VA,9,2025-04-09
185.230.63.171,74198686107399967946,2025-04-09,VA,44,2025-04-09
208.87.233.190,74198686107399967946,2025-04-09,VA,69,2025-04-09
217.170.194.54,74198686107399967946,2025-04-09,VA,30,2025-04-09
23.205.105.180,74198686107399967946,2025-04-09,VA,14,2025-04-09
45.142.193.106,74198686107399967946,2025-04-09,VA,7,2025-04-09
45.142.193.183,74198686107399967946,2025-04-09,VA,29,2025-04-09
45.142.193.207,74198686107399967946,2025-04-09,VA,23,2025-04-09
45.142.193.247,74198686107399967946,2025-04-09,VA,24,2025-04-09
45.142.193.51,74198686107399967946,2025-04-09,VA,51,2025-04-09
47.237.115.193,74198686107399967946,2025-04-09,VA,82,2025-04-09
50.31.156.115,74198686107399967946,2025-04-09,VA,38,2025-04-09
6sigma.us,74198686107399967946,2025-04-09,VA,11,2025-04-09
78.189.75.139,74198686107399967946,2025-04-09,VA,41,2025-04-09
cdngetmyname.biz,74198686107399967946,2025-04-09,VA,1,2025-04-09
chat.deepseek.com,74198686107399967946,2025-04-09,VA,18,2025-04-09
ctrk.klclick2.com,74198686107399967946,2025-04-09,VA,35,2025-04-09
hr-buyerguide.com,74198686107399967946,2025-04-09,VA,19,2025-04-09
links.rasa.io,74198686107399967946,2025-04-09,VA,25,2025-04-09
omnicell.com,74198686107399967946,2025-04-09,VA,39,2025-04-09
vtext.com,74198686107399967946,2025-04-09,VA,45,2025-04-09
104.18.32.191,74198686107399967946,2025-04-10,VA,37,2025-04-10
104.37.135.145,74198686107399967946,2025-04-10,VA,2,2025-04-10
118.193.59.10,74198686107399967946,2025-04-10,VA,9,2025-04-10
118.193.72.187,74198686107399967946,2025-04-10,VA,35,2025-04-10
146.70.45.166,74198686107399967946,2025-04-10,VA,4,2025-04-10
162.142.125.242,74198686107399967946,2025-04-10,VA,68,2025-04-10
162.142.125.255,74198686107399967946,2025-04-10,VA,66,2025-04-10
162.241.225.237,74198686107399967946,2025-04-10,VA,27,2025-04-10
172.240.108.68,74198686107399967946,2025-04-10,VA,40,2025-04-10
172.98.33.195,74198686107399967946,2025-04-10,VA,41,2025-04-10
185.220.100.240,74198686107399967946,2025-04-10,VA,14,2025-04-10
185.230.63.171,74198686107399967946,2025-04-10,VA,58,2025-04-10
208.87.233.190,74198686107399967946,2025-04-10,VA,86,2025-04-10
217.170.194.54,74198686107399967946,2025-04-10,VA,38,2025-04-10
23.205.105.180,74198686107399967946,2025-04-10,VA,19,2025-04-10
45.142.193.106,74198686107399967946,2025-04-10,VA,28,2025-04-10
45.142.193.131,74198686107399967946,2025-04-10,VA,16,2025-04-10
45.142.193.183,74198686107399967946,2025-04-10,VA,31,2025-04-10
45.142.193.185,74198686107399967946,2025-04-10,VA,1,2025-04-10
45.142.193.207,74198686107399967946,2025-04-10,VA,34,2025-04-10
45.142.193.247,74198686107399967946,2025-04-10,VA,29,2025-04-10
47.237.115.193,74198686107399967946,2025-04-10,VA,97,2025-04-10
50.31.156.115,74198686107399967946,2025-04-10,VA,43,2025-04-10
63.143.57.180,74198686107399967946,2025-04-10,VA,32,2025-04-10
66.240.227.52,74198686107399967946,2025-04-10,VA,24,2025-04-10
68.67.179.164,74198686107399967946,2025-04-10,VA,7,2025-04-10
6sigma.us,74198686107399967946,2025-04-10,VA,11,2025-04-10
78.189.75.139,74198686107399967946,2025-04-10,VA,48,2025-04-10
87.236.176.51,74198686107399967946,2025-04-10,VA,13,2025-04-10
blacksaltys.com,74198686107399967946,2025-04-10,VA,3,2025-04-10
chat.deepseek.com,74198686107399967946,2025-04-10,VA,6,2025-04-10
ctrk.klclick2.com,74198686107399967946,2025-04-10,VA,46,2025-04-10
vtext.com,74198686107399967946,2025-04-10,VA,51,2025-04-10
www.deepseek.com.cdn.cloudflare.net,74198686107399967946,2025-04-10,VA,5,2025-04-10
www.sthda.com,74198686107399967946,2025-04-10,VA,12,2025-04-10
45.142.193.183,74198686107399967946,2025-04-11,VA,52,2025-04-11
45.142.193.207,74198686107399967946,2025-04-11,VA,54,2025-04-11
45.142.193.247,74198686107399967946,2025-04-11,VA,51,2025-04-11
45.142.193.106,74198686107399967946,2025-04-11,VA,44,2025-04-11
45.142.193.131,74198686107399967946,2025-04-11,VA,33,2025-04-11
162.142.125.242,74198686107399967946,2025-04-11,VA,50,2025-04-11
162.142.125.255,74198686107399967946,2025-04-11,VA,43,2025-04-11
47.237.115.193,74198686107399967946,2025-04-11,VA,64,2025-04-11
68.67.179.164,74198686107399967946,2025-04-11,VA,2,2025-04-11
118.193.72.187,74198686107399967946,2025-04-11,VA,21,2025-04-11
118.193.59.10,74198686107399967946,2025-04-11,VA,10,2025-04-11
66.22.212.131,74198686107399967946,2025-04-11,VA,1,2025-04-11
23.205.105.180,74198686107399967946,2025-04-11,VA,6,2025-04-11
217.170.194.54,74198686107399967946,2025-04-11,VA,30,2025-04-11
ctrk.klclick2.com,74198686107399967946,2025-04-11,VA,24,2025-04-11
104.18.32.191,74198686107399967946,2025-04-11,VA,8,2025-04-11
208.87.233.190,74198686107399967946,2025-04-11,VA,36,2025-04-11
vtext.com,74198686107399967946,2025-04-11,VA,35,2025-04-11
omnicell.com,74198686107399967946,2025-04-11,VA,27,2025-04-11
63.143.57.180,74198686107399967946,2025-04-11,VA,23,2025-04-11
66.240.227.52,74198686107399967946,2025-04-11,VA,12,2025-04-11
185.220.100.240,74198686107399967946,2025-04-11,VA,16,2025-04-11
172.98.33.195,74198686107399967946,2025-04-11,VA,18,2025-04-11
146.70.45.166,74198686107399967946,2025-04-11,VA,13,2025-04-11
www.deepseek.com,74198686107399967946,2025-04-11,VA,3,2025-04-11
162.142.125.242,74198686107399967946,2025-04-11,VA,75,2025-04-11
162.241.225.237,74198686107399967946,2025-04-11,VA,39,2025-04-11
185.220.100.240,74198686107399967946,2025-04-11,VA,26,2025-04-11
185.230.63.171,74198686107399967946,2025-04-11,VA,45,2025-04-11
208.87.233.190,74198686107399967946,2025-04-11,VA,79,2025-04-11
217.170.194.54,74198686107399967946,2025-04-11,VA,41,2025-04-11
23.205.105.180,74198686107399967946,2025-04-11,VA,14,2025-04-11
45.142.193.106,74198686107399967946,2025-04-11,VA,48,2025-04-11
45.142.193.131,74198686107399967946,2025-04-11,VA,49,2025-04-11
45.142.193.207,74198686107399967946,2025-04-11,VA,78,2025-04-11
45.142.193.247,74198686107399967946,2025-04-11,VA,77,2025-04-11
47.237.115.193,74198686107399967946,2025-04-11,VA,96,2025-04-11
50.31.156.115,74198686107399967946,2025-04-11,VA,55,2025-04-11
63.143.57.180,74198686107399967946,2025-04-11,VA,38,2025-04-11
66.240.227.52,74198686107399967946,2025-04-11,VA,34,2025-04-11
68.67.179.164,74198686107399967946,2025-04-11,VA,4,2025-04-11
87.236.176.51,74198686107399967946,2025-04-11,VA,17,2025-04-11
ctrk.klclick2.com,74198686107399967946,2025-04-11,VA,47,2025-04-11
hr-buyerguide.com,74198686107399967946,2025-04-11,VA,11,2025-04-11
118.193.59.10,74198686107399967946,2025-04-12,VA,14,2025-04-12
118.193.72.187,74198686107399967946,2025-04-12,VA,36,2025-04-12
146.70.45.166,74198686107399967946,2025-04-12,VA,19,2025-04-12
149.88.27.212,74198686107399967946,2025-04-12,VA,1,2025-04-12
154.214.1.0,74198686107399967946,2025-04-12,VA,3,2025-04-12
162.142.125.242,74198686107399967946,2025-04-12,VA,67,2025-04-12
162.142.125.255,74198686107399967946,2025-04-12,VA,68,2025-04-12
162.241.225.237,74198686107399967946,2025-04-12,VA,37,2025-04-12
172.98.33.195,74198686107399967946,2025-04-12,VA,24,2025-04-12
185.230.63.171,74198686107399967946,2025-04-12,VA,70,2025-04-12
194.180.49.218,74198686107399967946,2025-04-12,VA,31,2025-04-12
194.180.49.219,74198686107399967946,2025-04-12,VA,33,2025-04-12
194.180.49.70,74198686107399967946,2025-04-12,VA,29,2025-04-12
194.180.49.71,74198686107399967946,2025-04-12,VA,35,2025-04-12
195.47.238.176,74198686107399967946,2025-04-12,VA,5,2025-04-12
208.87.233.190,74198686107399967946,2025-04-12,VA,55,2025-04-12
217.170.194.54,74198686107399967946,2025-04-12,VA,47,2025-04-12
23.205.105.180,74198686107399967946,2025-04-12,VA,12,2025-04-12
37.44.238.88,74198686107399967946,2025-04-12,VA,11,2025-04-12
45.142.193.131,74198686107399967946,2025-04-12,VA,51,2025-04-12
45.142.193.183,74198686107399967946,2025-04-12,VA,80,2025-04-12
45.142.193.196,74198686107399967946,2025-04-12,VA,2,2025-04-12
45.142.193.207,74198686107399967946,2025-04-12,VA,82,2025-04-12
45.142.193.247,74198686107399967946,2025-04-12,VA,83,2025-04-12
45.142.193.51,74198686107399967946,2025-04-12,VA,81,2025-04-12
47.237.115.193,74198686107399967946,2025-04-12,VA,96,2025-04-12
50.31.156.115,74198686107399967946,2025-04-12,VA,6,2025-04-12
62.72.14.154,74198686107399967946,2025-04-12,VA,4,2025-04-12
63.143.57.180,74198686107399967946,2025-04-12,VA,39,2025-04-12
66.240.227.52,74198686107399967946,2025-04-12,VA,30,2025-04-12
68.67.179.164,74198686107399967946,2025-04-12,VA,10,2025-04-12
78.189.75.139,74198686107399967946,2025-04-12,VA,48,2025-04-12
87.236.176.51,74198686107399967946,2025-04-12,VA,23,2025-04-12
chat.deepseek.com,74198686107399967946,2025-04-12,VA,18,2025-04-12
vtext.com,74198686107399967946,2025-04-12,VA,52,2025-04-12
104.21.3.76,74198686107399967946,2025-04-13,VA,2,2025-04-13
118.193.59.10,74198686107399967946,2025-04-13,VA,19,2025-04-13
118.193.72.187,74198686107399967946,2025-04-13,VA,36,2025-04-13
146.70.45.166,74198686107399967946,2025-04-13,VA,7,2025-04-13
149.88.27.212,74198686107399967946,2025-04-13,VA,1,2025-04-13
156.228.112.0,74198686107399967946,2025-04-13,VA,3,2025-04-13
162.142.125.242,74198686107399967946,2025-04-13,VA,71,2025-04-13
162.142.125.255,74198686107399967946,2025-04-13,VA,61,2025-04-13
162.241.225.237,74198686107399967946,2025-04-13,VA,30,2025-04-13
172.240.108.68,74198686107399967946,2025-04-13,VA,28,2025-04-13
172.98.33.195,74198686107399967946,2025-04-13,VA,9,2025-04-13
185.220.100.240,74198686107399967946,2025-04-13,VA,8,2025-04-13
185.230.63.171,74198686107399967946,2025-04-13,VA,54,2025-04-13
194.180.49.218,74198686107399967946,2025-04-13,VA,89,2025-04-13
194.180.49.219,74198686107399967946,2025-04-13,VA,81,2025-04-13
194.180.49.70,74198686107399967946,2025-04-13,VA,82,2025-04-13
194.180.49.71,74198686107399967946,2025-04-13,VA,87,2025-04-13
195.47.238.176,74198686107399967946,2025-04-13,VA,12,2025-04-13
208.87.233.190,74198686107399967946,2025-04-13,VA,29,2025-04-13
217.170.194.54,74198686107399967946,2025-04-13,VA,46,2025-04-13
23.205.105.180,74198686107399967946,2025-04-13,VA,18,2025-04-13
45.119.84.18,74198686107399967946,2025-04-13,VA,6,2025-04-13
45.142.193.183,74198686107399967946,2025-04-13,VA,80,2025-04-13
45.142.193.207,74198686107399967946,2025-04-13,VA,85,2025-04-13
45.142.193.51,74198686107399967946,2025-04-13,VA,78,2025-04-13
47.237.115.193,74198686107399967946,2025-04-13,VA,96,2025-04-13
50.31.156.115,74198686107399967946,2025-04-13,VA,15,2025-04-13
63.143.57.180,74198686107399967946,2025-04-13,VA,21,2025-04-13
66.240.227.52,74198686107399967946,2025-04-13,VA,27,2025-04-13
78.189.75.139,74198686107399967946,2025-04-13,VA,48,2025-04-13
87.236.176.51,74198686107399967946,2025-04-13,VA,26,2025-04-13
ctrk.klclick2.com,74198686107399967946,2025-04-13,VA,20,2025-04-13
omnicell.com,74198686107399967946,2025-04-13,VA,40,2025-04-13
vtext.com,74198686107399967946,2025-04-13,VA,53,2025-04-13
45.142.193.183,74198686107399967946,2025-04-14,VA,38,2025-04-14
45.142.193.247,74198686107399967946,2025-04-14,VA,37,2025-04-14
45.142.193.207,74198686107399967946,2025-04-14,VA,42,2025-04-14
45.142.193.51,74198686107399967946,2025-04-14,VA,36,2025-04-14
194.180.49.71,74198686107399967946,2025-04-14,VA,43,2025-04-14
194.180.49.70,74198686107399967946,2025-04-14,VA,40,2025-04-14
162.142.125.255,74198686107399967946,2025-04-14,VA,31,2025-04-14
162.142.125.242,74198686107399967946,2025-04-14,VA,32,2025-04-14
45.142.193.106,74198686107399967946,2025-04-14,VA,8,2025-04-14
47.237.115.193,74198686107399967946,2025-04-14,VA,44,2025-04-14
118.193.72.187,74198686107399967946,2025-04-14,VA,9,2025-04-14
68.67.179.164,74198686107399967946,2025-04-14,VA,5,2025-04-14
78.189.75.139,74198686107399967946,2025-04-14,VA,22,2025-04-14
23.205.105.180,74198686107399967946,2025-04-14,VA,6,2025-04-14
ctrk.klclick2.com,74198686107399967946,2025-04-14,VA,19,2025-04-14
185.230.63.171,74198686107399967946,2025-04-14,VA,28,2025-04-14
172.240.108.68,74198686107399967946,2025-04-14,VA,12,2025-04-14
vtext.com,74198686107399967946,2025-04-14,VA,24,2025-04-14
87.236.176.51,74198686107399967946,2025-04-14,VA,18,2025-04-14
208.87.233.190,74198686107399967946,2025-04-14,VA,16,2025-04-14
162.241.225.237,74198686107399967946,2025-04-14,VA,15,2025-04-14
64.227.166.13,74198686107399967946,2025-04-14,VA,1,2025-04-14
146.70.45.166,74198686107399967946,2025-04-14,VA,7,2025-04-14
6sigma.us,74198686107399967946,2025-04-14,VA,4,2025-04-14
50.31.156.115,74198686107399967946,2025-04-14,VA,2,2025-04-14
104.37.135.145,74198686107399967946,2025-04-14,VA,3,2025-04-14
118.193.72.187,74198686107399967946,2025-04-14,VA,20,2025-04-14
162.142.125.242,74198686107399967946,2025-04-14,VA,64,2025-04-14
162.142.125.255,74198686107399967946,2025-04-14,VA,61,2025-04-14
162.241.225.237,74198686107399967946,2025-04-14,VA,30,2025-04-14
185.230.63.171,74198686107399967946,2025-04-14,VA,46,2025-04-14
194.180.49.218,74198686107399967946,2025-04-14,VA,78,2025-04-14
194.180.49.219,74198686107399967946,2025-04-14,VA,77,2025-04-14
194.180.49.70,74198686107399967946,2025-04-14,VA,83,2025-04-14
194.180.49.71,74198686107399967946,2025-04-14,VA,84,2025-04-14
208.87.233.190,74198686107399967946,2025-04-14,VA,74,2025-04-14
23.205.105.180,74198686107399967946,2025-04-14,VA,14,2025-04-14
45.142.193.106,74198686107399967946,2025-04-14,VA,23,2025-04-14
45.142.193.183,74198686107399967946,2025-04-14,VA,79,2025-04-14
45.142.193.207,74198686107399967946,2025-04-14,VA,81,2025-04-14
45.142.193.51,74198686107399967946,2025-04-14,VA,73,2025-04-14
47.237.115.193,74198686107399967946,2025-04-14,VA,98,2025-04-14
6sigma.us,74198686107399967946,2025-04-14,VA,13,2025-04-14
78.189.75.139,74198686107399967946,2025-04-14,VA,48,2025-04-14
87.236.176.51,74198686107399967946,2025-04-14,VA,26,2025-04-14
ctrk.klclick2.com,74198686107399967946,2025-04-14,VA,53,2025-04-14
vtext.com,74198686107399967946,2025-04-14,VA,52,2025-04-14
104.128.161.233,74198686107399967946,2025-04-15,VA,3,2025-04-15
104.18.32.191,74198686107399967946,2025-04-15,VA,20,2025-04-15
118.193.59.10,74198686107399967946,2025-04-15,VA,32,2025-04-15
118.193.72.187,74198686107399967946,2025-04-15,VA,59,2025-04-15
146.70.45.166,74198686107399967946,2025-04-15,VA,17,2025-04-15
162.142.125.242,74198686107399967946,2025-04-15,VA,69,2025-04-15
162.241.225.237,74198686107399967946,2025-04-15,VA,30,2025-04-15
172.240.108.68,74198686107399967946,2025-04-15,VA,46,2025-04-15
172.98.33.195,74198686107399967946,2025-04-15,VA,14,2025-04-15
178.20.55.16,74198686107399967946,2025-04-15,VA,11,2025-04-15
184.95.51.10,74198686107399967946,2025-04-15,VA,12,2025-04-15
185.129.62.63,74198686107399967946,2025-04-15,VA,1,2025-04-15
185.220.100.240,74198686107399967946,2025-04-15,VA,15,2025-04-15
185.230.63.171,74198686107399967946,2025-04-15,VA,67,2025-04-15
194.180.49.218,74198686107399967946,2025-04-15,VA,138,2025-04-15
194.180.49.219,74198686107399967946,2025-04-15,VA,126,2025-04-15
194.180.49.70,74198686107399967946,2025-04-15,VA,134,2025-04-15
194.180.49.71,74198686107399967946,2025-04-15,VA,133,2025-04-15
195.47.238.176,74198686107399967946,2025-04-15,VA,6,2025-04-15
208.87.233.190,74198686107399967946,2025-04-15,VA,23,2025-04-15
217.170.194.54,74198686107399967946,2025-04-15,VA,76,2025-04-15
23.205.105.180,74198686107399967946,2025-04-15,VA,7,2025-04-15
3.14.182.203,74198686107399967946,2025-04-15,VA,2,2025-04-15
45.142.193.106,74198686107399967946,2025-04-15,VA,44,2025-04-15
45.142.193.183,74198686107399967946,2025-04-15,VA,112,2025-04-15
45.142.193.207,74198686107399967946,2025-04-15,VA,110,2025-04-15
45.142.193.51,74198686107399967946,2025-04-15,VA,140,2025-04-15
47.237.115.193,74198686107399967946,2025-04-15,VA,98,2025-04-15
50.31.156.115,74198686107399967946,2025-04-15,VA,109,2025-04-15
63.143.57.180,74198686107399967946,2025-04-15,VA,39,2025-04-15
66.240.227.52,74198686107399967946,2025-04-15,VA,31,2025-04-15
78.189.75.139,74198686107399967946,2025-04-15,VA,84,2025-04-15
87.236.176.51,74198686107399967946,2025-04-15,VA,25,2025-04-15
blackshelter.org,74198686107399967946,2025-04-15,VA,8,2025-04-15
chat.deepseek.com,74198686107399967946,2025-04-15,VA,60,2025-04-15
ctrk.klclick2.com,74198686107399967946,2025-04-15,VA,102,2025-04-15
enterpriseb2bwise.com,74198686107399967946,2025-04-15,VA,35,2025-04-15
links.rasa.io,74198686107399967946,2025-04-15,VA,18,2025-04-15
omnicell.com,74198686107399967946,2025-04-15,VA,68,2025-04-15
rqipartners.com,74198686107399967946,2025-04-15,VA,40,2025-04-15
vtext.com,74198686107399967946,2025-04-15,VA,87,2025-04-15
www.deepseek.com.cdn.cloudflare.net,74198686107399967946,2025-04-15,VA,19,2025-04-15
www.deepseek.com,74198686107399967946,2025-04-15,VA,33,2025-04-15
103.149.249.226,74198686107399967946,2025-04-16,VA,3,2025-04-16
104.128.161.233,74198686107399967946,2025-04-16,VA,11,2025-04-16
104.18.32.191,74198686107399967946,2025-04-16,VA,18,2025-04-16
107.173.166.107,74198686107399967946,2025-04-16,VA,10,2025-04-16
118.193.59.10,74198686107399967946,2025-04-16,VA,14,2025-04-16
118.193.72.187,74198686107399967946,2025-04-16,VA,31,2025-04-16
146.70.45.166,74198686107399967946,2025-04-16,VA,23,2025-04-16
149.88.27.212,74198686107399967946,2025-04-16,VA,1,2025-04-16
162.142.125.242,74198686107399967946,2025-04-16,VA,63,2025-04-16
162.142.125.255,74198686107399967946,2025-04-16,VA,56,2025-04-16
162.241.225.237,74198686107399967946,2025-04-16,VA,30,2025-04-16
162.247.72.199,74198686107399967946,2025-04-16,VA,2,2025-04-16
171.25.193.20,74198686107399967946,2025-04-16,VA,6,2025-04-16
171.25.193.235,74198686107399967946,2025-04-16,VA,5,2025-04-16
172.240.108.68,74198686107399967946,2025-04-16,VA,40,2025-04-16
172.98.33.195,74198686107399967946,2025-04-16,VA,38,2025-04-16
185.230.63.171,74198686107399967946,2025-04-16,VA,48,2025-04-16
190.92.174.36,74198686107399967946,2025-04-16,VA,7,2025-04-16
194.180.49.219,74198686107399967946,2025-04-16,VA,60,2025-04-16
194.180.49.70,74198686107399967946,2025-04-16,VA,61,2025-04-16
31.177.76.32,74198686107399967946,2025-04-16,VA,9,2025-04-16
35.0.127.52,74198686107399967946,2025-04-16,VA,4,2025-04-16
45.142.193.183,74198686107399967946,2025-04-16,VA,86,2025-04-16
45.142.193.207,74198686107399967946,2025-04-16,VA,83,2025-04-16
45.142.193.51,74198686107399967946,2025-04-16,VA,82,2025-04-16
47.237.115.193,74198686107399967946,2025-04-16,VA,94,2025-04-16
50.31.156.115,74198686107399967946,2025-04-16,VA,74,2025-04-16
62.72.14.154,74198686107399967946,2025-04-16,VA,8,2025-04-16
63.143.57.180,74198686107399967946,2025-04-16,VA,35,2025-04-16
78.189.75.139,74198686107399967946,2025-04-16,VA,43,2025-04-16
87.236.176.51,74198686107399967946,2025-04-16,VA,16,2025-04-16
chat.deepseek.com,74198686107399967946,2025-04-16,VA,45,2025-04-16
ctrk.klclick2.com,74198686107399967946,2025-04-16,VA,46,2025-04-16
enterpriseb2bwise.com,74198686107399967946,2025-04-16,VA,24,2025-04-16
links.rasa.io,74198686107399967946,2025-04-16,VA,20,2025-04-16
omnicell.com,74198686107399967946,2025-04-16,VA,49,2025-04-16
vtext.com,74198686107399967946,2025-04-16,VA,57,2025-04-16
104.128.161.233,74198686107399967946,2025-04-17,VA,21,2025-04-17
104.18.32.191,74198686107399967946,2025-04-17,VA,25,2025-04-17
104.21.3.76,74198686107399967946,2025-04-17,VA,2,2025-04-17
107.173.166.107,74198686107399967946,2025-04-17,VA,42,2025-04-17
118.193.59.10,74198686107399967946,2025-04-17,VA,16,2025-04-17
118.193.72.187,74198686107399967946,2025-04-17,VA,33,2025-04-17
146.70.45.166,74198686107399967946,2025-04-17,VA,5,2025-04-17
162.142.125.242,74198686107399967946,2025-04-17,VA,67,2025-04-17
162.142.125.255,74198686107399967946,2025-04-17,VA,63,2025-04-17
162.241.225.237,74198686107399967946,2025-04-17,VA,40,2025-04-17
171.25.193.20,74198686107399967946,2025-04-17,VA,6,2025-04-17
171.25.193.235,74198686107399967946,2025-04-17,VA,11,2025-04-17
171.25.193.78,74198686107399967946,2025-04-17,VA,1,2025-04-17
172.240.108.68,74198686107399967946,2025-04-17,VA,43,2025-04-17
172.98.33.195,74198686107399967946,2025-04-17,VA,35,2025-04-17
178.20.55.16,74198686107399967946,2025-04-17,VA,15,2025-04-17
185.100.87.139,74198686107399967946,2025-04-17,VA,4,2025-04-17
185.220.100.240,74198686107399967946,2025-04-17,VA,12,2025-04-17
185.230.63.171,74198686107399967946,2025-04-17,VA,46,2025-04-17
190.92.174.92,74198686107399967946,2025-04-17,VA,3,2025-04-17
191.96.227.137,74198686107399967946,2025-04-17,VA,19,2025-04-17
194.180.49.70,74198686107399967946,2025-04-17,VA,47,2025-04-17
194.180.49.71,74198686107399967946,2025-04-17,VA,51,2025-04-17
45.142.193.183,74198686107399967946,2025-04-17,VA,83,2025-04-17
45.142.193.207,74198686107399967946,2025-04-17,VA,76,2025-04-17
45.142.193.247,74198686107399967946,2025-04-17,VA,82,2025-04-17
45.142.193.51,74198686107399967946,2025-04-17,VA,80,2025-04-17
47.237.115.193,74198686107399967946,2025-04-17,VA,96,2025-04-17
50.31.156.115,74198686107399967946,2025-04-17,VA,41,2025-04-17
62.72.14.154,74198686107399967946,2025-04-17,VA,8,2025-04-17
63.143.57.180,74198686107399967946,2025-04-17,VA,37,2025-04-17
66.240.227.52,74198686107399967946,2025-04-17,VA,29,2025-04-17
78.189.75.139,74198686107399967946,2025-04-17,VA,48,2025-04-17
87.236.176.51,74198686107399967946,2025-04-17,VA,20,2025-04-17
chat.deepseek.com,74198686107399967946,2025-04-17,VA,38,2025-04-17
ctrk.klclick2.com,74198686107399967946,2025-04-17,VA,39,2025-04-17
enterpriseb2bwise.com,74198686107399967946,2025-04-17,VA,30,2025-04-17
links.rasa.io,74198686107399967946,2025-04-17,VA,18,2025-04-17
rqipartners.com,74198686107399967946,2025-04-17,VA,60,2025-04-17
vtext.com,74198686107399967946,2025-04-17,VA,54,2025-04-17
www.sthda.com,74198686107399967946,2025-04-17,VA,23,2025-04-17
104.128.161.233,74198686107399967946,2025-04-18,VA,15,2025-04-18
104.18.32.191,74198686107399967946,2025-04-18,VA,32,2025-04-18
104.21.3.76,74198686107399967946,2025-04-18,VA,3,2025-04-18
107.173.166.107,74198686107399967946,2025-04-18,VA,44,2025-04-18
118.193.59.10,74198686107399967946,2025-04-18,VA,4,2025-04-18
118.193.72.187,74198686107399967946,2025-04-18,VA,6,2025-04-18
146.70.45.166,74198686107399967946,2025-04-18,VA,22,2025-04-18
162.142.125.242,74198686107399967946,2025-04-18,VA,64,2025-04-18
162.142.125.255,74198686107399967946,2025-04-18,VA,65,2025-04-18
162.241.225.237,74198686107399967946,2025-04-18,VA,53,2025-04-18
162.247.72.199,74198686107399967946,2025-04-18,VA,1,2025-04-18
171.25.193.20,74198686107399967946,2025-04-18,VA,2,2025-04-18
172.240.108.68,74198686107399967946,2025-04-18,VA,46,2025-04-18
172.98.33.195,74198686107399967946,2025-04-18,VA,35,2025-04-18
178.20.55.16,74198686107399967946,2025-04-18,VA,10,2025-04-18
185.220.100.240,74198686107399967946,2025-04-18,VA,13,2025-04-18
185.230.63.171,74198686107399967946,2025-04-18,VA,50,2025-04-18
192.124.249.112,74198686107399967946,2025-04-18,VA,41,2025-04-18
194.180.49.70,74198686107399967946,2025-04-18,VA,82,2025-04-18
194.180.49.71,74198686107399967946,2025-04-18,VA,80,2025-04-18
45.142.193.207,74198686107399967946,2025-04-18,VA,79,2025-04-18
45.142.193.247,74198686107399967946,2025-04-18,VA,84,2025-04-18
45.142.193.51,74198686107399967946,2025-04-18,VA,83,2025-04-18
47.237.115.193,74198686107399967946,2025-04-18,VA,96,2025-04-18
50.31.156.115,74198686107399967946,2025-04-18,VA,38,2025-04-18
62.72.14.154,74198686107399967946,2025-04-18,VA,5,2025-04-18
63.143.57.180,74198686107399967946,2025-04-18,VA,31,2025-04-18
66.240.227.52,74198686107399967946,2025-04-18,VA,27,2025-04-18
78.189.75.139,74198686107399967946,2025-04-18,VA,48,2025-04-18
87.236.176.51,74198686107399967946,2025-04-18,VA,23,2025-04-18
chat.deepseek.com,74198686107399967946,2025-04-18,VA,51,2025-04-18
clickme.thryv.com,74198686107399967946,2025-04-18,VA,7,2025-04-18
omnicell.com,74198686107399967946,2025-04-18,VA,68,2025-04-18
vtext.com,74198686107399967946,2025-04-18,VA,78,2025-04-18
www.sthda.com,74198686107399967946,2025-04-18,VA,14,2025-04-18
104.128.161.233,74198686107399967946,2025-04-19,VA,15,2025-04-19
104.18.32.191,74198686107399967946,2025-04-19,VA,9,2025-04-19
104.37.135.145,74198686107399967946,2025-04-19,VA,3,2025-04-19
107.173.166.107,74198686107399967946,2025-04-19,VA,16,2025-04-19
118.193.59.10,74198686107399967946,2025-04-19,VA,14,2025-04-19
118.193.72.187,74198686107399967946,2025-04-19,VA,56,2025-04-19
162.142.125.242,74198686107399967946,2025-04-19,VA,71,2025-04-19
162.142.125.255,74198686107399967946,2025-04-19,VA,70,2025-04-19
162.241.225.237,74198686107399967946,2025-04-19,VA,40,2025-04-19
162.247.72.199,74198686107399967946,2025-04-19,VA,2,2025-04-19
171.25.193.20,74198686107399967946,2025-04-19,VA,5,2025-04-19
171.25.193.235,74198686107399967946,2025-04-19,VA,7,2025-04-19
171.25.193.78,74198686107399967946,2025-04-19,VA,8,2025-04-19
172.240.108.68,74198686107399967946,2025-04-19,VA,48,2025-04-19
172.98.33.195,74198686107399967946,2025-04-19,VA,19,2025-04-19
178.20.55.16,74198686107399967946,2025-04-19,VA,39,2025-04-19
185.129.62.63,74198686107399967946,2025-04-19,VA,13,2025-04-19
185.220.100.240,74198686107399967946,2025-04-19,VA,31,2025-04-19
185.230.63.171,74198686107399967946,2025-04-19,VA,102,2025-04-19
192.124.249.112,74198686107399967946,2025-04-19,VA,12,2025-04-19
194.180.49.218,74198686107399967946,2025-04-19,VA,138,2025-04-19
194.180.49.219,74198686107399967946,2025-04-19,VA,128,2025-04-19
194.180.49.70,74198686107399967946,2025-04-19,VA,24,2025-04-19
194.180.49.71,74198686107399967946,2025-04-19,VA,87,2025-04-19
217.170.194.54,74198686107399967946,2025-04-19,VA,78,2025-04-19
45.142.193.106,74198686107399967946,2025-04-19,VA,6,2025-04-19
45.142.193.183,74198686107399967946,2025-04-19,VA,152,2025-04-19
45.142.193.207,74198686107399967946,2025-04-19,VA,142,2025-04-19
45.142.193.247,74198686107399967946,2025-04-19,VA,149,2025-04-19
45.142.193.51,74198686107399967946,2025-04-19,VA,154,2025-04-19
47.237.115.193,74198686107399967946,2025-04-19,VA,99,2025-04-19
62.72.14.154,74198686107399967946,2025-04-19,VA,4,2025-04-19
66.240.227.52,74198686107399967946,2025-04-19,VA,32,2025-04-19
78.189.75.139,74198686107399967946,2025-04-19,VA,86,2025-04-19
87.236.176.51,74198686107399967946,2025-04-19,VA,26,2025-04-19
95.173.206.81,74198686107399967946,2025-04-19,VA,1,2025-04-19
chat.deepseek.com,74198686107399967946,2025-04-19,VA,47,2025-04-19
ctrk.klclick2.com,74198686107399967946,2025-04-19,VA,20,2025-04-19
omnicell.com,74198686107399967946,2025-04-19,VA,58,2025-04-19
rqipartners.com,74198686107399967946,2025-04-19,VA,46,2025-04-19
vtext.com,74198686107399967946,2025-04-19,VA,106,2025-04-19
103.149.249.226,74198686107399967946,2025-04-20,VA,3,2025-04-20
104.128.161.233,74198686107399967946,2025-04-20,VA,14,2025-04-20
104.21.3.76,74198686107399967946,2025-04-20,VA,4,2025-04-20
118.193.59.10,74198686107399967946,2025-04-20,VA,19,2025-04-20
118.193.72.187,74198686107399967946,2025-04-20,VA,29,2025-04-20
146.70.45.166,74198686107399967946,2025-04-20,VA,1,2025-04-20
156.228.176.0,74198686107399967946,2025-04-20,VA,2,2025-04-20
162.142.125.242,74198686107399967946,2025-04-20,VA,75,2025-04-20
162.142.125.255,74198686107399967946,2025-04-20,VA,68,2025-04-20
171.25.193.235,74198686107399967946,2025-04-20,VA,5,2025-04-20
172.240.108.68,74198686107399967946,2025-04-20,VA,46,2025-04-20
172.98.33.195,74198686107399967946,2025-04-20,VA,12,2025-04-20
178.20.55.16,74198686107399967946,2025-04-20,VA,10,2025-04-20
185.129.62.63,74198686107399967946,2025-04-20,VA,7,2025-04-20
185.220.100.240,74198686107399967946,2025-04-20,VA,16,2025-04-20
185.230.63.171,74198686107399967946,2025-04-20,VA,54,2025-04-20
192.124.249.112,74198686107399967946,2025-04-20,VA,20,2025-04-20
194.180.49.218,74198686107399967946,2025-04-20,VA,87,2025-04-20
194.180.49.219,74198686107399967946,2025-04-20,VA,80,2025-04-20
194.180.49.70,74198686107399967946,2025-04-20,VA,83,2025-04-20
194.180.49.71,74198686107399967946,2025-04-20,VA,89,2025-04-20
194.5.53.206,74198686107399967946,2025-04-20,VA,6,2025-04-20
217.170.194.54,74198686107399967946,2025-04-20,VA,40,2025-04-20
45.142.193.106,74198686107399967946,2025-04-20,VA,13,2025-04-20
45.142.193.183,74198686107399967946,2025-04-20,VA,84,2025-04-20
45.142.193.247,74198686107399967946,2025-04-20,VA,85,2025-04-20
47.237.115.193,74198686107399967946,2025-04-20,VA,96,2025-04-20
63.143.57.180,74198686107399967946,2025-04-20,VA,23,2025-04-20
66.240.227.52,74198686107399967946,2025-04-20,VA,21,2025-04-20
78.189.75.139,74198686107399967946,2025-04-20,VA,50,2025-04-20
87.236.176.51,74198686107399967946,2025-04-20,VA,33,2025-04-20
chat.deepseek.com,74198686107399967946,2025-04-20,VA,8,2025-04-20
vtext.com,74198686107399967946,2025-04-20,VA,109,2025-04-20
104.128.161.233,74198686107399967946,2025-04-21,VA,20,2025-04-21
104.18.32.191,74198686107399967946,2025-04-21,VA,18,2025-04-21
104.21.3.76,74198686107399967946,2025-04-21,VA,5,2025-04-21
118.193.59.10,74198686107399967946,2025-04-21,VA,11,2025-04-21
118.193.72.187,74198686107399967946,2025-04-21,VA,34,2025-04-21
146.70.45.166,74198686107399967946,2025-04-21,VA,10,2025-04-21
149.88.27.212,74198686107399967946,2025-04-21,VA,3,2025-04-21
162.142.125.242,74198686107399967946,2025-04-21,VA,67,2025-04-21
162.142.125.255,74198686107399967946,2025-04-21,VA,69,2025-04-21
162.241.225.237,74198686107399967946,2025-04-21,VA,1,2025-04-21
171.25.193.78,74198686107399967946,2025-04-21,VA,4,2025-04-21
172.240.108.68,74198686107399967946,2025-04-21,VA,41,2025-04-21
172.98.33.195,74198686107399967946,2025-04-21,VA,16,2025-04-21
178.20.55.16,74198686107399967946,2025-04-21,VA,24,2025-04-21
185.220.100.240,74198686107399967946,2025-04-21,VA,8,2025-04-21
185.230.63.171,74198686107399967946,2025-04-21,VA,39,2025-04-21
192.124.249.112,74198686107399967946,2025-04-21,VA,25,2025-04-21
194.180.49.218,74198686107399967946,2025-04-21,VA,76,2025-04-21
194.180.49.219,74198686107399967946,2025-04-21,VA,74,2025-04-21
194.180.49.70,74198686107399967946,2025-04-21,VA,79,2025-04-21
194.180.49.71,74198686107399967946,2025-04-21,VA,81,2025-04-21
198.38.84.58,74198686107399967946,2025-04-21,VA,2,2025-04-21
45.142.193.183,74198686107399967946,2025-04-21,VA,77,2025-04-21
45.142.193.207,74198686107399967946,2025-04-21,VA,80,2025-04-21
45.142.193.247,74198686107399967946,2025-04-21,VA,73,2025-04-21
45.142.193.51,74198686107399967946,2025-04-21,VA,84,2025-04-21
47.237.115.193,74198686107399967946,2025-04-21,VA,94,2025-04-21
50.31.156.115,74198686107399967946,2025-04-21,VA,62,2025-04-21
63.143.57.180,74198686107399967946,2025-04-21,VA,40,2025-04-21
66.240.227.52,74198686107399967946,2025-04-21,VA,28,2025-04-21
6sigma.us,74198686107399967946,2025-04-21,VA,12,2025-04-21
78.189.75.139,74198686107399967946,2025-04-21,VA,47,2025-04-21
87.236.176.51,74198686107399967946,2025-04-21,VA,23,2025-04-21
chat.deepseek.com,74198686107399967946,2025-04-21,VA,49,2025-04-21
enterpriseb2bwise.com,74198686107399967946,2025-04-21,VA,29,2025-04-21
irp.cdn-website.com,74198686107399967946,2025-04-21,VA,83,2025-04-21
links.rasa.io,74198686107399967946,2025-04-21,VA,22,2025-04-21
omnicell.com,74198686107399967946,2025-04-21,VA,71,2025-04-21
rqipartners.com,74198686107399967946,2025-04-21,VA,64,2025-04-21
uploads-ssl.webflow.com,74198686107399967946,2025-04-21,VA,66,2025-04-21
uploads.strikinglycdn.com,74198686107399967946,2025-04-21,VA,9,2025-04-21
vtext.com,74198686107399967946,2025-04-21,VA,109,2025-04-21
www.deepseek.com,74198686107399967946,2025-04-21,VA,13,2025-04-21
194.180.49.71,74198686107399967946,2025-04-22,VA,42,2025-04-22
194.180.49.218,74198686107399967946,2025-04-22,VA,41,2025-04-22
45.142.193.247,74198686107399967946,2025-04-22,VA,43,2025-04-22
45.142.193.207,74198686107399967946,2025-04-22,VA,39,2025-04-22
45.142.193.183,74198686107399967946,2025-04-22,VA,38,2025-04-22
162.142.125.255,74198686107399967946,2025-04-22,VA,33,2025-04-22
162.142.125.242,74198686107399967946,2025-04-22,VA,31,2025-04-22
118.193.72.187,74198686107399967946,2025-04-22,VA,18,2025-04-22
118.193.59.10,74198686107399967946,2025-04-22,VA,7,2025-04-22
47.237.115.193,74198686107399967946,2025-04-22,VA,44,2025-04-22
78.189.75.139,74198686107399967946,2025-04-22,VA,22,2025-04-22
45.142.193.106,74198686107399967946,2025-04-22,VA,2,2025-04-22
185.230.63.171,74198686107399967946,2025-04-22,VA,25,2025-04-22
rqipartners.com,74198686107399967946,2025-04-22,VA,13,2025-04-22
irp.cdn-website.com,74198686107399967946,2025-04-22,VA,27,2025-04-22
172.240.108.68,74198686107399967946,2025-04-22,VA,23,2025-04-22
ctrk.klclick2.com,74198686107399967946,2025-04-22,VA,8,2025-04-22
vtext.com,74198686107399967946,2025-04-22,VA,47,2025-04-22
202.131.82.186,74198686107399967946,2025-04-22,VA,1,2025-04-22
links.rasa.io,74198686107399967946,2025-04-22,VA,3,2025-04-22
192.124.249.112,74198686107399967946,2025-04-22,VA,26,2025-04-22
87.236.176.51,74198686107399967946,2025-04-22,VA,15,2025-04-22
104.128.161.233,74198686107399967946,2025-04-22,VA,12,2025-04-22
63.143.57.180,74198686107399967946,2025-04-22,VA,6,2025-04-22
104.21.3.76,74198686107399967946,2025-04-22,VA,5,2025-04-22
162.142.125.242,74198686107399967946,2025-04-22,VA,64,2025-04-22
172.240.108.68,74198686107399967946,2025-04-22,VA,48,2025-04-22
192.124.249.112,74198686107399967946,2025-04-22,VA,54,2025-04-22
194.180.49.218,74198686107399967946,2025-04-22,VA,70,2025-04-22
194.180.49.219,74198686107399967946,2025-04-22,VA,71,2025-04-22
194.180.49.70,74198686107399967946,2025-04-22,VA,78,2025-04-22
198.38.84.58,74198686107399967946,2025-04-22,VA,4,2025-04-22
202.131.82.186,74198686107399967946,2025-04-22,VA,9,2025-04-22
45.142.193.106,74198686107399967946,2025-04-22,VA,24,2025-04-22
45.142.193.183,74198686107399967946,2025-04-22,VA,82,2025-04-22
45.142.193.247,74198686107399967946,2025-04-22,VA,88,2025-04-22
45.142.193.51,74198686107399967946,2025-04-22,VA,81,2025-04-22
47.237.115.193,74198686107399967946,2025-04-22,VA,94,2025-04-22
6sigma.us,74198686107399967946,2025-04-22,VA,19,2025-04-22
chat.deepseek.com,74198686107399967946,2025-04-22,VA,28,2025-04-22
irp.cdn-website.com,74198686107399967946,2025-04-22,VA,61,2025-04-22
omnicell.com,74198686107399967946,2025-04-22,VA,76,2025-04-22
uploads-ssl.webflow.com,74198686107399967946,2025-04-22,VA,46,2025-04-22
vtext.com,74198686107399967946,2025-04-22,VA,100,2025-04-22
194.180.49.71,74198686107399967946,2025-04-23,VA,4,2025-04-23
194.180.49.70,74198686107399967946,2025-04-23,VA,5,2025-04-23
45.142.193.183,74198686107399967946,2025-04-23,VA,40,2025-04-23
45.142.193.247,74198686107399967946,2025-04-23,VA,37,2025-04-23
45.142.193.106,74198686107399967946,2025-04-23,VA,25,2025-04-23
162.142.125.255,74198686107399967946,2025-04-23,VA,28,2025-04-23
162.142.125.242,74198686107399967946,2025-04-23,VA,30,2025-04-23
118.193.72.187,74198686107399967946,2025-04-23,VA,14,2025-04-23
118.193.59.10,74198686107399967946,2025-04-23,VA,8,2025-04-23
47.237.115.193,74198686107399967946,2025-04-23,VA,44,2025-04-23
78.189.75.139,74198686107399967946,2025-04-23,VA,22,2025-04-23
irp.cdn-website.com,74198686107399967946,2025-04-23,VA,29,2025-04-23
185.230.63.171,74198686107399967946,2025-04-23,VA,26,2025-04-23
rqipartners.com,74198686107399967946,2025-04-23,VA,16,2025-04-23
172.240.108.68,74198686107399967946,2025-04-23,VA,21,2025-04-23
185.129.62.63,74198686107399967946,2025-04-23,VA,7,2025-04-23
uploads-ssl.webflow.com,74198686107399967946,2025-04-23,VA,23,2025-04-23
ctrk.klclick2.com,74198686107399967946,2025-04-23,VA,18,2025-04-23
vtext.com,74198686107399967946,2025-04-23,VA,47,2025-04-23
links.rasa.io,74198686107399967946,2025-04-23,VA,3,2025-04-23
178.20.55.16,74198686107399967946,2025-04-23,VA,9,2025-04-23
192.124.249.112,74198686107399967946,2025-04-23,VA,17,2025-04-23
87.236.176.51,74198686107399967946,2025-04-23,VA,12,2025-04-23
89.31.143.90,74198686107399967946,2025-04-23,VA,2,2025-04-23
104.128.161.233,74198686107399967946,2025-04-23,VA,10,2025-04-23
202.131.82.186,74198686107399967946,2025-04-23,VA,1,2025-04-23
104.128.161.233,74198686107399967946,2025-04-23,VA,20,2025-04-23
104.18.32.191,74198686107399967946,2025-04-23,VA,46,2025-04-23
118.193.72.187,74198686107399967946,2025-04-23,VA,34,2025-04-23
162.142.125.242,74198686107399967946,2025-04-23,VA,62,2025-04-23
162.142.125.255,74198686107399967946,2025-04-23,VA,64,2025-04-23
172.98.33.195,74198686107399967946,2025-04-23,VA,36,2025-04-23
192.124.249.112,74198686107399967946,2025-04-23,VA,51,2025-04-23
217.170.194.54,74198686107399967946,2025-04-23,VA,43,2025-04-23
45.142.193.106,74198686107399967946,2025-04-23,VA,33,2025-04-23
45.142.193.183,74198686107399967946,2025-04-23,VA,83,2025-04-23
45.142.193.247,74198686107399967946,2025-04-23,VA,80,2025-04-23
45.142.193.51,74198686107399967946,2025-04-23,VA,84,2025-04-23
47.237.115.193,74198686107399967946,2025-04-23,VA,96,2025-04-23
50.31.156.115,74198686107399967946,2025-04-23,VA,70,2025-04-23
66.240.227.52,74198686107399967946,2025-04-23,VA,32,2025-04-23
78.189.75.139,74198686107399967946,2025-04-23,VA,48,2025-04-23
chat.deepseek.com,74198686107399967946,2025-04-23,VA,15,2025-04-23
ctrk.klclick2.com,74198686107399967946,2025-04-23,VA,55,2025-04-23
hr-buyerguide.com,74198686107399967946,2025-04-23,VA,38,2025-04-23
irp.cdn-website.com,74198686107399967946,2025-04-23,VA,59,2025-04-23
omnicell.com,74198686107399967946,2025-04-23,VA,73,2025-04-23
rqipartners.com,74198686107399967946,2025-04-23,VA,78,2025-04-23
uploads-ssl.webflow.com,74198686107399967946,2025-04-23,VA,53,2025-04-23
uploads.strikinglycdn.com,74198686107399967946,2025-04-23,VA,6,2025-04-23
vtext.com,74198686107399967946,2025-04-23,VA,107,2025-04-23
45.142.193.207,74198686107399967946,2025-04-24,VA,34,2025-04-24
45.142.193.247,74198686107399967946,2025-04-24,VA,41,2025-04-24
45.142.193.183,74198686107399967946,2025-04-24,VA,39,2025-04-24
45.142.193.51,74198686107399967946,2025-04-24,VA,38,2025-04-24
162.142.125.255,74198686107399967946,2025-04-24,VA,29,2025-04-24
162.142.125.242,74198686107399967946,2025-04-24,VA,40,2025-04-24
47.237.115.193,74198686107399967946,2025-04-24,VA,44,2025-04-24
118.193.59.10,74198686107399967946,2025-04-24,VA,12,2025-04-24
118.193.72.187,74198686107399967946,2025-04-24,VA,19,2025-04-24
78.189.75.139,74198686107399967946,2025-04-24,VA,22,2025-04-24
217.170.194.54,74198686107399967946,2025-04-24,VA,15,2025-04-24
rqipartners.com,74198686107399967946,2025-04-24,VA,23,2025-04-24
6sigma.us,74198686107399967946,2025-04-24,VA,5,2025-04-24
irp.cdn-website.com,74198686107399967946,2025-04-24,VA,26,2025-04-24
185.230.63.171,74198686107399967946,2025-04-24,VA,31,2025-04-24
178.20.55.16,74198686107399967946,2025-04-24,VA,4,2025-04-24
202.131.82.186,74198686107399967946,2025-04-24,VA,10,2025-04-24
links.rasa.io,74198686107399967946,2025-04-24,VA,1,2025-04-24
vtext.com,74198686107399967946,2025-04-24,VA,48,2025-04-24
omnicell.com,74198686107399967946,2025-04-24,VA,25,2025-04-24
192.124.249.112,74198686107399967946,2025-04-24,VA,16,2025-04-24
171.25.193.78,74198686107399967946,2025-04-24,VA,3,2025-04-24
216.151.180.15,74198686107399967946,2025-04-24,VA,17,2025-04-24
104.18.32.191,74198686107399967946,2025-04-24,VA,14,2025-04-24
216.151.180.16,74198686107399967946,2025-04-24,VA,13,2025-04-24
50.31.156.115,74198686107399967946,2025-04-24,VA,9,2025-04-24
66.240.227.52,74198686107399967946,2025-04-24,VA,8,2025-04-24
37.19.200.142,74198686107399967946,2025-04-24,VA,6,2025-04-24
www.deepseek.com,74198686107399967946,2025-04-24,VA,2,2025-04-24
118.193.72.187,74198686107399967946,2025-04-24,VA,43,2025-04-24
146.70.45.166,74198686107399967946,2025-04-24,VA,27,2025-04-24
162.142.125.242,74198686107399967946,2025-04-24,VA,76,2025-04-24
162.142.125.255,74198686107399967946,2025-04-24,VA,60,2025-04-24
172.240.108.68,74198686107399967946,2025-04-24,VA,52,2025-04-24
172.98.33.195,74198686107399967946,2025-04-24,VA,56,2025-04-24
185.230.63.171,74198686107399967946,2025-04-24,VA,47,2025-04-24
217.170.194.54,74198686107399967946,2025-04-24,VA,37,2025-04-24
45.142.193.183,74198686107399967946,2025-04-24,VA,86,2025-04-24
45.142.193.207,74198686107399967946,2025-04-24,VA,78,2025-04-24
45.142.193.247,74198686107399967946,2025-04-24,VA,84,2025-04-24
45.142.193.51,74198686107399967946,2025-04-24,VA,87,2025-04-24
47.237.115.193,74198686107399967946,2025-04-24,VA,96,2025-04-24
50.31.156.115,74198686107399967946,2025-04-24,VA,66,2025-04-24
51.89.138.221,74198686107399967946,2025-04-24,VA,7,2025-04-24
62.72.14.154,74198686107399967946,2025-04-24,VA,11,2025-04-24
66.240.227.52,74198686107399967946,2025-04-24,VA,28,2025-04-24
chat.deepseek.com,74198686107399967946,2025-04-24,VA,35,2025-04-24
ctrk.klclick2.com,74198686107399967946,2025-04-24,VA,53,2025-04-24
irp.cdn-website.com,74198686107399967946,2025-04-24,VA,64,2025-04-24
uploads-ssl.webflow.com,74198686107399967946,2025-04-24,VA,46,2025-04-24
vtext.com,74198686107399967946,2025-04-24,VA,105,2025-04-24
104.128.161.233,74198686107399967946,2025-04-25,VA,17,2025-04-25
104.18.32.191,74198686107399967946,2025-04-25,VA,30,2025-04-25
104.21.3.76,74198686107399967946,2025-04-25,VA,3,2025-04-25
118.193.59.10,74198686107399967946,2025-04-25,VA,19,2025-04-25
118.193.72.187,74198686107399967946,2025-04-25,VA,48,2025-04-25
146.70.103.228,74198686107399967946,2025-04-25,VA,5,2025-04-25
146.70.171.99,74198686107399967946,2025-04-25,VA,2,2025-04-25
146.70.45.166,74198686107399967946,2025-04-25,VA,26,2025-04-25
162.142.125.242,74198686107399967946,2025-04-25,VA,71,2025-04-25
162.142.125.255,74198686107399967946,2025-04-25,VA,72,2025-04-25
162.241.225.237,74198686107399967946,2025-04-25,VA,9,2025-04-25
169.150.203.29,74198686107399967946,2025-04-25,VA,4,2025-04-25
171.25.193.235,74198686107399967946,2025-04-25,VA,13,2025-04-25
172.98.33.195,74198686107399967946,2025-04-25,VA,39,2025-04-25
185.129.62.63,74198686107399967946,2025-04-25,VA,1,2025-04-25
185.230.63.171,74198686107399967946,2025-04-25,VA,51,2025-04-25
192.124.249.112,74198686107399967946,2025-04-25,VA,47,2025-04-25
217.170.194.54,74198686107399967946,2025-04-25,VA,35,2025-04-25
37.19.200.142,74198686107399967946,2025-04-25,VA,6,2025-04-25
37.19.200.155,74198686107399967946,2025-04-25,VA,12,2025-04-25
45.142.193.106,74198686107399967946,2025-04-25,VA,14,2025-04-25
45.142.193.183,74198686107399967946,2025-04-25,VA,58,2025-04-25
45.142.193.207,74198686107399967946,2025-04-25,VA,59,2025-04-25
45.142.193.247,74198686107399967946,2025-04-25,VA,61,2025-04-25
47.237.115.193,74198686107399967946,2025-04-25,VA,98,2025-04-25
62.72.14.154,74198686107399967946,2025-04-25,VA,21,2025-04-25
66.240.227.52,74198686107399967946,2025-04-25,VA,44,2025-04-25
87.236.176.51,74198686107399967946,2025-04-25,VA,34,2025-04-25
ctrk.klclick2.com,74198686107399967946,2025-04-25,VA,42,2025-04-25
enterpriseb2bwise.com,74198686107399967946,2025-04-25,VA,29,2025-04-25
irp.cdn-website.com,74198686107399967946,2025-04-25,VA,57,2025-04-25
omnicell.com,74198686107399967946,2025-04-25,VA,75,2025-04-25
rqipartners.com,74198686107399967946,2025-04-25,VA,65,2025-04-25
uploads-ssl.webflow.com,74198686107399967946,2025-04-25,VA,43,2025-04-25
vtext.com,74198686107399967946,2025-04-25,VA,108,2025-04-25
www.sthda.com,74198686107399967946,2025-04-25,VA,23,2025-04-25
104.128.161.233,74198686107399967946,2025-04-26,VA,26,2025-04-26
104.18.32.191,74198686107399967946,2025-04-26,VA,6,2025-04-26
104.192.3.74,74198686107399967946,2025-04-26,VA,3,2025-04-26
118.193.59.10,74198686107399967946,2025-04-26,VA,20,2025-04-26
118.193.72.187,74198686107399967946,2025-04-26,VA,48,2025-04-26
146.70.128.227,74198686107399967946,2025-04-26,VA,7,2025-04-26
146.70.165.227,74198686107399967946,2025-04-26,VA,9,2025-04-26
146.70.211.67,74198686107399967946,2025-04-26,VA,5,2025-04-26
146.70.45.166,74198686107399967946,2025-04-26,VA,32,2025-04-26
162.142.125.242,74198686107399967946,2025-04-26,VA,72,2025-04-26
162.142.125.255,74198686107399967946,2025-04-26,VA,65,2025-04-26
162.241.225.237,74198686107399967946,2025-04-26,VA,18,2025-04-26
162.247.72.199,74198686107399967946,2025-04-26,VA,2,2025-04-26
172.98.33.195,74198686107399967946,2025-04-26,VA,31,2025-04-26
178.20.55.16,74198686107399967946,2025-04-26,VA,14,2025-04-26
185.230.63.171,74198686107399967946,2025-04-26,VA,56,2025-04-26
192.124.249.112,74198686107399967946,2025-04-26,VA,11,2025-04-26
217.170.194.54,74198686107399967946,2025-04-26,VA,41,2025-04-26
43.225.189.132,74198686107399967946,2025-04-26,VA,12,2025-04-26
43.225.189.163,74198686107399967946,2025-04-26,VA,10,2025-04-26
47.237.115.193,74198686107399967946,2025-04-26,VA,97,2025-04-26
66.240.227.52,74198686107399967946,2025-04-26,VA,44,2025-04-26
6sigma.us,74198686107399967946,2025-04-26,VA,1,2025-04-26
87.236.176.51,74198686107399967946,2025-04-26,VA,25,2025-04-26
chat.deepseek.com,74198686107399967946,2025-04-26,VA,15,2025-04-26
ctrk.klclick2.com,74198686107399967946,2025-04-26,VA,24,2025-04-26
irp.cdn-website.com,74198686107399967946,2025-04-26,VA,66,2025-04-26
omnicell.com,74198686107399967946,2025-04-26,VA,60,2025-04-26
rqipartners.com,74198686107399967946,2025-04-26,VA,22,2025-04-26
uploads-ssl.webflow.com,74198686107399967946,2025-04-26,VA,47,2025-04-26
vtext.com,74198686107399967946,2025-04-26,VA,111,2025-04-26
www.sthda.com,74198686107399967946,2025-04-26,VA,4,2025-04-26
104.128.161.233,74198686107399967946,2025-04-27,VA,22,2025-04-27
104.129.24.124,74198686107399967946,2025-04-27,VA,8,2025-04-27
104.18.32.191,74198686107399967946,2025-04-27,VA,11,2025-04-27
104.192.3.74,74198686107399967946,2025-04-27,VA,3,2025-04-27
104.21.20.66,74198686107399967946,2025-04-27,VA,1,2025-04-27
118.193.59.10,74198686107399967946,2025-04-27,VA,20,2025-04-27
118.193.72.187,74198686107399967946,2025-04-27,VA,42,2025-04-27
146.70.165.227,74198686107399967946,2025-04-27,VA,6,2025-04-27
162.142.125.242,74198686107399967946,2025-04-27,VA,66,2025-04-27
162.142.125.255,74198686107399967946,2025-04-27,VA,70,2025-04-27
162.241.225.237,74198686107399967946,2025-04-27,VA,29,2025-04-27
172.240.108.68,74198686107399967946,2025-04-27,VA,47,2025-04-27
185.230.63.171,74198686107399967946,2025-04-27,VA,57,2025-04-27
192.124.249.112,74198686107399967946,2025-04-27,VA,2,2025-04-27
217.170.194.54,74198686107399967946,2025-04-27,VA,46,2025-04-27
45.142.193.106,74198686107399967946,2025-04-27,VA,4,2025-04-27
45.142.193.183,74198686107399967946,2025-04-27,VA,64,2025-04-27
45.142.193.247,74198686107399967946,2025-04-27,VA,61,2025-04-27
45.84.107.128,74198686107399967946,2025-04-27,VA,17,2025-04-27
47.237.115.193,74198686107399967946,2025-04-27,VA,98,2025-04-27
50.31.156.115,74198686107399967946,2025-04-27,VA,12,2025-04-27
51.89.138.221,74198686107399967946,2025-04-27,VA,7,2025-04-27
66.240.227.52,74198686107399967946,2025-04-27,VA,31,2025-04-27
78.189.75.139,74198686107399967946,2025-04-27,VA,49,2025-04-27
87.236.176.51,74198686107399967946,2025-04-27,VA,36,2025-04-27
chat.deepseek.com,74198686107399967946,2025-04-27,VA,10,2025-04-27
ctrk.klclick2.com,74198686107399967946,2025-04-27,VA,21,2025-04-27
omnicell.com,74198686107399967946,2025-04-27,VA,53,2025-04-27
rqipartners.com,74198686107399967946,2025-04-27,VA,25,2025-04-27
uploads-ssl.webflow.com,74198686107399967946,2025-04-27,VA,41,2025-04-27
vtext.com,74198686107399967946,2025-04-27,VA,108,2025-04-27
45.142.193.183,74198686107399967946,2025-04-28,VA,40,2025-04-28
45.142.193.247,74198686107399967946,2025-04-28,VA,34,2025-04-28
45.142.193.207,74198686107399967946,2025-04-28,VA,37,2025-04-28
45.142.193.51,74198686107399967946,2025-04-28,VA,39,2025-04-28
162.142.125.242,74198686107399967946,2025-04-28,VA,30,2025-04-28
47.237.115.193,74198686107399967946,2025-04-28,VA,42,2025-04-28
118.193.59.10,74198686107399967946,2025-04-28,VA,10,2025-04-28
118.193.72.187,74198686107399967946,2025-04-28,VA,21,2025-04-28
217.170.194.54,74198686107399967946,2025-04-28,VA,19,2025-04-28
45.84.107.128,74198686107399967946,2025-04-28,VA,3,2025-04-28
rqipartners.com,74198686107399967946,2025-04-28,VA,17,2025-04-28
185.230.63.171,74198686107399967946,2025-04-28,VA,28,2025-04-28
45.142.193.106,74198686107399967946,2025-04-28,VA,1,2025-04-28
172.240.108.68,74198686107399967946,2025-04-28,VA,20,2025-04-28
vtext.com,74198686107399967946,2025-04-28,VA,49,2025-04-28
ctrk.klclick2.com,74198686107399967946,2025-04-28,VA,18,2025-04-28
chat.deepseek.com,74198686107399967946,2025-04-28,VA,2,2025-04-28
104.18.32.191,74198686107399967946,2025-04-28,VA,13,2025-04-28
202.131.82.186,74198686107399967946,2025-04-28,VA,8,2025-04-28
172.98.33.195,74198686107399967946,2025-04-28,VA,11,2025-04-28
50.31.156.115,74198686107399967946,2025-04-28,VA,7,2025-04-28
216.131.120.91,74198686107399967946,2025-04-28,VA,4,2025-04-28
104.128.161.233,74198686107399967946,2025-04-28,VA,32,2025-04-28
104.129.24.124,74198686107399967946,2025-04-28,VA,26,2025-04-28
104.18.32.191,74198686107399967946,2025-04-28,VA,44,2025-04-28
118.193.59.10,74198686107399967946,2025-04-28,VA,14,2025-04-28
118.193.72.187,74198686107399967946,2025-04-28,VA,47,2025-04-28
162.142.125.242,74198686107399967946,2025-04-28,VA,66,2025-04-28
162.142.125.255,74198686107399967946,2025-04-28,VA,61,2025-04-28
171.25.193.235,74198686107399967946,2025-04-28,VA,6,2025-04-28
172.240.108.68,74198686107399967946,2025-04-28,VA,46,2025-04-28
172.98.33.195,74198686107399967946,2025-04-28,VA,48,2025-04-28
178.20.55.16,74198686107399967946,2025-04-28,VA,5,2025-04-28
192.124.249.112,74198686107399967946,2025-04-28,VA,57,2025-04-28
31.177.76.32,74198686107399967946,2025-04-28,VA,15,2025-04-28
45.142.193.183,74198686107399967946,2025-04-28,VA,87,2025-04-28
45.142.193.207,74198686107399967946,2025-04-28,VA,83,2025-04-28
45.142.193.247,74198686107399967946,2025-04-28,VA,79,2025-04-28
45.142.193.51,74198686107399967946,2025-04-28,VA,82,2025-04-28
45.84.107.128,74198686107399967946,2025-04-28,VA,16,2025-04-28
47.237.115.193,74198686107399967946,2025-04-28,VA,94,2025-04-28
50.31.156.115,74198686107399967946,2025-04-28,VA,52,2025-04-28
74.208.236.241,74198686107399967946,2025-04-28,VA,25,2025-04-28
ctrk.klclick2.com,74198686107399967946,2025-04-28,VA,53,2025-04-28
enterpriseb2bwise.com,74198686107399967946,2025-04-28,VA,22,2025-04-28
irp.cdn-website.com,74198686107399967946,2025-04-28,VA,51,2025-04-28
links.rasa.io,74198686107399967946,2025-04-28,VA,29,2025-04-28
omnicell.com,74198686107399967946,2025-04-28,VA,70,2025-04-28
rqipartners.com,74198686107399967946,2025-04-28,VA,74,2025-04-28
uploads-ssl.webflow.com,74198686107399967946,2025-04-28,VA,43,2025-04-28
vtext.com,74198686107399967946,2025-04-28,VA,105,2025-04-28
45.142.193.207,74198686107399967946,2025-04-29,VA,34,2025-04-29
45.142.193.183,74198686107399967946,2025-04-29,VA,38,2025-04-29
162.142.125.255,74198686107399967946,2025-04-29,VA,29,2025-04-29
47.237.115.193,74198686107399967946,2025-04-29,VA,42,2025-04-29
118.193.72.187,74198686107399967946,2025-04-29,VA,16,2025-04-29
118.193.59.10,74198686107399967946,2025-04-29,VA,3,2025-04-29
45.142.193.106,74198686107399967946,2025-04-29,VA,6,2025-04-29
78.189.75.139,74198686107399967946,2025-04-29,VA,21,2025-04-29
217.170.194.54,74198686107399967946,2025-04-29,VA,20,2025-04-29
185.129.62.63,74198686107399967946,2025-04-29,VA,1,2025-04-29
178.20.55.16,74198686107399967946,2025-04-29,VA,8,2025-04-29
ctrk.klclick2.com,74198686107399967946,2025-04-29,VA,11,2025-04-29
185.230.63.171,74198686107399967946,2025-04-29,VA,23,2025-04-29
171.25.193.78,74198686107399967946,2025-04-29,VA,2,2025-04-29
198.44.136.35,74198686107399967946,2025-04-29,VA,5,2025-04-29
vtext.com,74198686107399967946,2025-04-29,VA,48,2025-04-29
chat.deepseek.com,74198686107399967946,2025-04-29,VA,17,2025-04-29
146.70.45.166,74198686107399967946,2025-04-29,VA,12,2025-04-29
omnicell.com,74198686107399967946,2025-04-29,VA,26,2025-04-29
192.124.249.112,74198686107399967946,2025-04-29,VA,19,2025-04-29
87.236.176.51,74198686107399967946,2025-04-29,VA,18,2025-04-29
172.98.33.195,74198686107399967946,2025-04-29,VA,15,2025-04-29
www.sthda.com,74198686107399967946,2025-04-29,VA,10,2025-04-29
74.208.236.241,74198686107399967946,2025-04-29,VA,9,2025-04-29
50.31.156.115,74198686107399967946,2025-04-29,VA,7,2025-04-29
162.142.125.242,74198686107399967946,2025-04-28,VA,64,2025-04-28
192.124.249.112,74198686107399967946,2025-04-28,VA,54,2025-04-28
45.142.193.207,74198686107399967946,2025-04-28,VA,80,2025-04-28
rqipartners.com,74198686107399967946,2025-04-28,VA,72,2025-04-28
104.128.161.233,74198686107399967946,2025-04-29,VA,41,2025-04-29
104.18.32.191,74198686107399967946,2025-04-29,VA,28,2025-04-29
104.37.135.145,74198686107399967946,2025-04-29,VA,4,2025-04-29
146.70.45.166,74198686107399967946,2025-04-29,VA,40,2025-04-29
162.142.125.242,74198686107399967946,2025-04-29,VA,67,2025-04-29
162.142.125.255,74198686107399967946,2025-04-29,VA,61,2025-04-29
172.98.33.195,74198686107399967946,2025-04-29,VA,46,2025-04-29
178.20.55.16,74198686107399967946,2025-04-29,VA,13,2025-04-29
185.230.63.171,74198686107399967946,2025-04-29,VA,36,2025-04-29
192.124.249.112,74198686107399967946,2025-04-29,VA,53,2025-04-29
45.142.193.183,74198686107399967946,2025-04-29,VA,71,2025-04-29
45.142.193.207,74198686107399967946,2025-04-29,VA,78,2025-04-29
45.142.193.247,74198686107399967946,2025-04-29,VA,80,2025-04-29
45.142.193.51,74198686107399967946,2025-04-29,VA,72,2025-04-29
45.84.107.128,74198686107399967946,2025-04-29,VA,30,2025-04-29
47.237.115.193,74198686107399967946,2025-04-29,VA,90,2025-04-29
50.31.156.115,74198686107399967946,2025-04-29,VA,63,2025-04-29
78.189.75.139,74198686107399967946,2025-04-29,VA,45,2025-04-29
87.236.176.51,74198686107399967946,2025-04-29,VA,33,2025-04-29
chat.deepseek.com,74198686107399967946,2025-04-29,VA,31,2025-04-29
ctrk.klclick2.com,74198686107399967946,2025-04-29,VA,44,2025-04-29
enterpriseb2bwise.com,74198686107399967946,2025-04-29,VA,22,2025-04-29
links.rasa.io,74198686107399967946,2025-04-29,VA,24,2025-04-29
rqipartners.com,74198686107399967946,2025-04-29,VA,86,2025-04-29
vtext.com,74198686107399967946,2025-04-29,VA,105,2025-04-29
45.142.193.247,74198686107399967946,2025-04-30,VA,37,2025-04-30
45.142.193.183,74198686107399967946,2025-04-30,VA,39,2025-04-30
162.142.125.242,74198686107399967946,2025-04-30,VA,31,2025-04-30
162.142.125.255,74198686107399967946,2025-04-30,VA,22,2025-04-30
47.237.115.193,74198686107399967946,2025-04-30,VA,42,2025-04-30
45.142.193.106,74198686107399967946,2025-04-30,VA,2,2025-04-30
118.193.72.187,74198686107399967946,2025-04-30,VA,8,2025-04-30
118.193.59.10,74198686107399967946,2025-04-30,VA,1,2025-04-30
78.189.75.139,74198686107399967946,2025-04-30,VA,21,2025-04-30
45.84.107.128,74198686107399967946,2025-04-30,VA,9,2025-04-30
217.170.194.54,74198686107399967946,2025-04-30,VA,20,2025-04-30
uploads-ssl.webflow.com,74198686107399967946,2025-04-30,VA,17,2025-04-30
vtext.com,74198686107399967946,2025-04-30,VA,47,2025-04-30
172.240.108.68,74198686107399967946,2025-04-30,VA,25,2025-04-30
198.44.129.99,74198686107399967946,2025-04-30,VA,55,2025-04-30
ctrk.klclick2.com,74198686107399967946,2025-04-30,VA,5,2025-04-30
chat.deepseek.com,74198686107399967946,2025-04-30,VA,14,2025-04-30
146.70.45.166,74198686107399967946,2025-04-30,VA,11,2025-04-30
104.128.161.233,74198686107399967946,2025-04-30,VA,7,2025-04-30
74.208.236.241,74198686107399967946,2025-04-30,VA,6,2025-04-30
190.92.174.36,74198686107399967946,2025-04-30,VA,4,2025-04-30
45.142.193.183,74198686107399967946,2025-04-29,VA,74,2025-04-29
45.142.193.247,74198686107399967946,2025-04-29,VA,82,2025-04-29
45.142.193.51,74198686107399967946,2025-04-29,VA,76,2025-04-29
47.237.115.193,74198686107399967946,2025-04-29,VA,94,2025-04-29
78.189.75.139,74198686107399967946,2025-04-29,VA,47,2025-04-29
vtext.com,74198686107399967946,2025-04-29,VA,109,2025-04-29
104.128.161.233,74198686107399967946,2025-04-30,VA,38,2025-04-30
104.192.3.74,74198686107399967946,2025-04-30,VA,3,2025-04-30
118.193.72.187,74198686107399967946,2025-04-30,VA,16,2025-04-30
162.142.125.242,74198686107399967946,2025-04-30,VA,65,2025-04-30
185.230.63.171,74198686107399967946,2025-04-30,VA,36,2025-04-30
192.124.249.112,74198686107399967946,2025-04-30,VA,44,2025-04-30
45.142.193.183,74198686107399967946,2025-04-30,VA,79,2025-04-30
45.142.193.207,74198686107399967946,2025-04-30,VA,76,2025-04-30
45.142.193.247,74198686107399967946,2025-04-30,VA,77,2025-04-30
45.142.193.51,74198686107399967946,2025-04-30,VA,80,2025-04-30
45.84.107.128,74198686107399967946,2025-04-30,VA,13,2025-04-30
47.237.115.193,74198686107399967946,2025-04-30,VA,93,2025-04-30
50.31.156.115,74198686107399967946,2025-04-30,VA,58,2025-04-30
62.72.14.154,74198686107399967946,2025-04-30,VA,15,2025-04-30
78.189.75.139,74198686107399967946,2025-04-30,VA,46,2025-04-30
chat.deepseek.com,74198686107399967946,2025-04-30,VA,40,2025-04-30
links.rasa.io,74198686107399967946,2025-04-30,VA,28,2025-04-30
omnicell.com,74198686107399967946,2025-04-30,VA,69,2025-04-30
uploads-ssl.webflow.com,74198686107399967946,2025-04-30,VA,45,2025-04-30
vtext.com,74198686107399967946,2025-04-30,VA,101,2025-04-30
45.142.193.51,74198686107399967946,2025-05-01,VA,36,2025-05-01
45.142.193.207,74198686107399967946,2025-05-01,VA,24,2025-05-01
45.142.193.247,74198686107399967946,2025-05-01,VA,23,2025-05-01
45.142.193.183,74198686107399967946,2025-05-01,VA,22,2025-05-01
162.142.125.242,74198686107399967946,2025-05-01,VA,29,2025-05-01
47.237.115.193,74198686107399967946,2025-05-01,VA,44,2025-05-01
118.193.59.10,74198686107399967946,2025-05-01,VA,4,2025-05-01
118.193.72.187,74198686107399967946,2025-05-01,VA,6,2025-05-01
45.84.107.128,74198686107399967946,2025-05-01,VA,12,2025-05-01
217.170.194.54,74198686107399967946,2025-05-01,VA,18,2025-05-01
154.47.30.150,74198686107399967946,2025-05-01,VA,1,2025-05-01
6sigma.us,74198686107399967946,2025-05-01,VA,2,2025-05-01
185.230.63.171,74198686107399967946,2025-05-01,VA,31,2025-05-01
ctrk.klclick2.com,74198686107399967946,2025-05-01,VA,11,2025-05-01
vtext.com,74198686107399967946,2025-05-01,VA,49,2025-05-01
omnicell.com,74198686107399967946,2025-05-01,VA,32,2025-05-01
104.192.3.74,74198686107399967946,2025-05-01,VA,8,2025-05-01
50.31.156.115,74198686107399967946,2025-05-01,VA,16,2025-05-01
146.70.45.166,74198686107399967946,2025-05-01,VA,15,2025-05-01
162.241.225.237,74198686107399967946,2025-05-01,VA,14,2025-05-01
171.25.193.20,74198686107399967946,2025-05-01,VA,3,2025-05-01
66.240.227.52,74198686107399967946,2025-05-01,VA,10,2025-05-01
104.128.161.233,74198686107399967946,2025-05-01,VA,9,2025-05-01
172.98.33.195,74198686107399967946,2025-05-01,VA,7,2025-05-01
118.193.59.10,74198686107399967946,2025-05-01,VA,5,2025-05-01
118.193.72.187,74198686107399967946,2025-05-01,VA,13,2025-05-01
146.70.45.166,74198686107399967946,2025-05-01,VA,61,2025-05-01
162.142.125.242,74198686107399967946,2025-05-01,VA,63,2025-05-01
172.240.108.68,74198686107399967946,2025-05-01,VA,51,2025-05-01
185.230.63.171,74198686107399967946,2025-05-01,VA,50,2025-05-01
192.124.249.112,74198686107399967946,2025-05-01,VA,59,2025-05-01
217.170.194.54,74198686107399967946,2025-05-01,VA,42,2025-05-01
45.142.193.183,74198686107399967946,2025-05-01,VA,66,2025-05-01
45.142.193.207,74198686107399967946,2025-05-01,VA,65,2025-05-01
45.142.193.247,74198686107399967946,2025-05-01,VA,64,2025-05-01
45.142.193.51,74198686107399967946,2025-05-01,VA,76,2025-05-01
47.237.115.193,74198686107399967946,2025-05-01,VA,96,2025-05-01
66.240.227.52,74198686107399967946,2025-05-01,VA,38,2025-05-01
74.208.236.241,74198686107399967946,2025-05-01,VA,25,2025-05-01
78.189.75.139,74198686107399967946,2025-05-01,VA,48,2025-05-01
87.236.176.51,74198686107399967946,2025-05-01,VA,34,2025-05-01
ctrk.klclick2.com,74198686107399967946,2025-05-01,VA,41,2025-05-01
omnicell.com,74198686107399967946,2025-05-01,VA,81,2025-05-01
rqipartners.com,74198686107399967946,2025-05-01,VA,75,2025-05-01
uploads-ssl.webflow.com,74198686107399967946,2025-05-01,VA,46,2025-05-01
vtext.com,74198686107399967946,2025-05-01,VA,103,2025-05-01
104.128.161.233,74198686107399967946,2025-05-02,VA,11,2025-05-02
104.18.32.191,74198686107399967946,2025-05-02,VA,18,2025-05-02
104.21.3.76,74198686107399967946,2025-05-02,VA,4,2025-05-02
104.37.135.145,74198686107399967946,2025-05-02,VA,8,2025-05-02
118.193.59.10,74198686107399967946,2025-05-02,VA,15,2025-05-02
118.193.72.187,74198686107399967946,2025-05-02,VA,25,2025-05-02
138.197.133.225,74198686107399967946,2025-05-02,VA,1,2025-05-02
146.70.45.166,74198686107399967946,2025-05-02,VA,41,2025-05-02
149.88.27.212,74198686107399967946,2025-05-02,VA,2,2025-05-02
162.142.125.242,74198686107399967946,2025-05-02,VA,69,2025-05-02
162.241.225.237,74198686107399967946,2025-05-02,VA,22,2025-05-02
171.25.193.20,74198686107399967946,2025-05-02,VA,3,2025-05-02
172.240.108.68,74198686107399967946,2025-05-02,VA,54,2025-05-02
172.98.33.195,74198686107399967946,2025-05-02,VA,23,2025-05-02
185.230.63.171,74198686107399967946,2025-05-02,VA,47,2025-05-02
192.124.249.112,74198686107399967946,2025-05-02,VA,48,2025-05-02
198.38.84.58,74198686107399967946,2025-05-02,VA,5,2025-05-02
217.170.194.54,74198686107399967946,2025-05-02,VA,45,2025-05-02
37.19.210.2,74198686107399967946,2025-05-02,VA,6,2025-05-02
45.142.193.106,74198686107399967946,2025-05-02,VA,10,2025-05-02
45.142.193.183,74198686107399967946,2025-05-02,VA,83,2025-05-02
45.142.193.247,74198686107399967946,2025-05-02,VA,85,2025-05-02
45.142.193.51,74198686107399967946,2025-05-02,VA,86,2025-05-02
47.237.115.193,74198686107399967946,2025-05-02,VA,97,2025-05-02
66.240.227.52,74198686107399967946,2025-05-02,VA,42,2025-05-02
74.208.236.241,74198686107399967946,2025-05-02,VA,33,2025-05-02
87.236.176.51,74198686107399967946,2025-05-02,VA,29,2025-05-02
89.31.143.90,74198686107399967946,2025-05-02,VA,36,2025-05-02
hr-buyerguide.com,74198686107399967946,2025-05-02,VA,38,2025-05-02
omnicell.com,74198686107399967946,2025-05-02,VA,73,2025-05-02
rqipartners.com,74198686107399967946,2025-05-02,VA,68,2025-05-02
uploads-ssl.webflow.com,74198686107399967946,2025-05-02,VA,52,2025-05-02
vtext.com,74198686107399967946,2025-05-02,VA,96,2025-05-02
www.deepseek.com,74198686107399967946,2025-05-02,VA,9,2025-05-02
www.sthda.com,74198686107399967946,2025-05-02,VA,14,2025-05-02
104.128.161.233,74198686107399967946,2025-05-03,VA,14,2025-05-03
104.18.32.191,74198686107399967946,2025-05-03,VA,9,2025-05-03
104.192.3.74,74198686107399967946,2025-05-03,VA,3,2025-05-03
118.193.59.10,74198686107399967946,2025-05-03,VA,10,2025-05-03
118.193.72.187,74198686107399967946,2025-05-03,VA,16,2025-05-03
138.197.133.225,74198686107399967946,2025-05-03,VA,2,2025-05-03
146.70.45.166,74198686107399967946,2025-05-03,VA,19,2025-05-03
162.142.125.242,74198686107399967946,2025-05-03,VA,66,2025-05-03
162.241.225.237,74198686107399967946,2025-05-03,VA,6,2025-05-03
171.25.193.20,74198686107399967946,2025-05-03,VA,1,2025-05-03
172.240.108.68,74198686107399967946,2025-05-03,VA,52,2025-05-03
172.98.33.195,74198686107399967946,2025-05-03,VA,32,2025-05-03
185.230.63.171,74198686107399967946,2025-05-03,VA,63,2025-05-03
192.124.249.112,74198686107399967946,2025-05-03,VA,17,2025-05-03
198.38.84.58,74198686107399967946,2025-05-03,VA,4,2025-05-03
198.96.155.3,74198686107399967946,2025-05-03,VA,5,2025-05-03
217.170.194.54,74198686107399967946,2025-05-03,VA,73,2025-05-03
45.142.193.183,74198686107399967946,2025-05-03,VA,85,2025-05-03
45.142.193.247,74198686107399967946,2025-05-03,VA,88,2025-05-03
45.142.193.51,74198686107399967946,2025-05-03,VA,147,2025-05-03
47.237.115.193,74198686107399967946,2025-05-03,VA,96,2025-05-03
50.31.156.115,74198686107399967946,2025-05-03,VA,20,2025-05-03
74.208.236.241,74198686107399967946,2025-05-03,VA,12,2025-05-03
78.189.75.139,74198686107399967946,2025-05-03,VA,48,2025-05-03
87.236.176.51,74198686107399967946,2025-05-03,VA,29,2025-05-03
89.31.143.90,74198686107399967946,2025-05-03,VA,50,2025-05-03
ctrk.klclick2.com,74198686107399967946,2025-05-03,VA,23,2025-05-03
hr-buyerguide.com,74198686107399967946,2025-05-03,VA,72,2025-05-03
rqipartners.com,74198686107399967946,2025-05-03,VA,38,2025-05-03
uploads-ssl.webflow.com,74198686107399967946,2025-05-03,VA,37,2025-05-03
vtext.com,74198686107399967946,2025-05-03,VA,95,2025-05-03
www.deepseek.com,74198686107399967946,2025-05-03,VA,7,2025-05-03
104.128.161.233,74198686107399967946,2025-05-04,VA,15,2025-05-04
104.21.3.76,74198686107399967946,2025-05-04,VA,4,2025-05-04
118.193.72.187,74198686107399967946,2025-05-04,VA,2,2025-05-04
146.70.45.166,74198686107399967946,2025-05-04,VA,25,2025-05-04
162.142.125.242,74198686107399967946,2025-05-04,VA,70,2025-05-04
162.241.225.237,74198686107399967946,2025-05-04,VA,27,2025-05-04
165.232.153.27,74198686107399967946,2025-05-04,VA,1,2025-05-04
172.240.108.68,74198686107399967946,2025-05-04,VA,46,2025-05-04
172.98.33.195,74198686107399967946,2025-05-04,VA,18,2025-05-04
185.129.62.63,74198686107399967946,2025-05-04,VA,3,2025-05-04
185.195.19.207,74198686107399967946,2025-05-04,VA,12,2025-05-04
185.230.63.171,74198686107399967946,2025-05-04,VA,55,2025-05-04
198.44.129.82,74198686107399967946,2025-05-04,VA,7,2025-05-04
217.170.194.54,74198686107399967946,2025-05-04,VA,47,2025-05-04
43.225.189.132,74198686107399967946,2025-05-04,VA,6,2025-05-04
45.142.193.183,74198686107399967946,2025-05-04,VA,86,2025-05-04
45.142.193.207,74198686107399967946,2025-05-04,VA,85,2025-05-04
45.142.193.247,74198686107399967946,2025-05-04,VA,82,2025-05-04
47.237.115.193,74198686107399967946,2025-05-04,VA,97,2025-05-04
50.31.156.115,74198686107399967946,2025-05-04,VA,10,2025-05-04
51.89.138.221,74198686107399967946,2025-05-04,VA,9,2025-05-04
66.240.227.52,74198686107399967946,2025-05-04,VA,23,2025-05-04
78.189.75.139,74198686107399967946,2025-05-04,VA,48,2025-05-04
87.236.176.51,74198686107399967946,2025-05-04,VA,39,2025-05-04
89.31.143.90,74198686107399967946,2025-05-04,VA,52,2025-05-04
ctrk.klclick2.com,74198686107399967946,2025-05-04,VA,11,2025-05-04
omnicell.com,74198686107399967946,2025-05-04,VA,77,2025-05-04
rqipartners.com,74198686107399967946,2025-05-04,VA,29,2025-05-04
uploads-ssl.webflow.com,74198686107399967946,2025-05-04,VA,38,2025-05-04
vtext.com,74198686107399967946,2025-05-04,VA,96,2025-05-04
45.142.193.183,74198686107399967946,2025-05-05,VA,41,2025-05-05
45.142.193.207,74198686107399967946,2025-05-05,VA,40,2025-05-05
45.142.193.51,74198686107399967946,2025-05-05,VA,37,2025-05-05
162.142.125.242,74198686107399967946,2025-05-05,VA,34,2025-05-05
47.237.115.193,74198686107399967946,2025-05-05,VA,44,2025-05-05
165.232.153.27,74198686107399967946,2025-05-05,VA,11,2025-05-05
78.189.75.139,74198686107399967946,2025-05-05,VA,22,2025-05-05
217.170.194.54,74198686107399967946,2025-05-05,VA,20,2025-05-05
185.230.63.171,74198686107399967946,2025-05-05,VA,31,2025-05-05
ctrk.klclick2.com,74198686107399967946,2025-05-05,VA,9,2025-05-05
uploads-ssl.webflow.com,74198686107399967946,2025-05-05,VA,13,2025-05-05
omnicell.com,74198686107399967946,2025-05-05,VA,36,2025-05-05
hr-buyerguide.com,74198686107399967946,2025-05-05,VA,35,2025-05-05
rqipartners.com,74198686107399967946,2025-05-05,VA,12,2025-05-05
172.240.108.68,74198686107399967946,2025-05-05,VA,23,2025-05-05
104.18.32.191,74198686107399967946,2025-05-05,VA,2,2025-05-05
162.241.225.237,74198686107399967946,2025-05-05,VA,14,2025-05-05
50.31.156.115,74198686107399967946,2025-05-05,VA,6,2025-05-05
146.70.45.166,74198686107399967946,2025-05-05,VA,5,2025-05-05
104.192.3.74,74198686107399967946,2025-05-05,VA,4,2025-05-05
51.89.138.221,74198686107399967946,2025-05-05,VA,3,2025-05-05
185.220.101.185,74198686107399967946,2025-05-05,VA,1,2025-05-05
104.128.161.233,74198686107399967946,2025-05-05,VA,7,2025-05-05
104.18.32.191,74198686107399967946,2025-05-05,VA,24,2025-05-05
146.70.45.166,74198686107399967946,2025-05-05,VA,58,2025-05-05
162.142.125.242,74198686107399967946,2025-05-05,VA,66,2025-05-05
162.241.225.237,74198686107399967946,2025-05-05,VA,30,2025-05-05
165.232.153.27,74198686107399967946,2025-05-05,VA,15,2025-05-05
171.25.193.235,74198686107399967946,2025-05-05,VA,8,2025-05-05
172.240.108.68,74198686107399967946,2025-05-05,VA,47,2025-05-05
172.98.33.195,74198686107399967946,2025-05-05,VA,27,2025-05-05
192.124.249.112,74198686107399967946,2025-05-05,VA,45,2025-05-05
45.142.193.183,74198686107399967946,2025-05-05,VA,82,2025-05-05
45.142.193.207,74198686107399967946,2025-05-05,VA,85,2025-05-05
45.142.193.247,74198686107399967946,2025-05-05,VA,80,2025-05-05
45.142.193.51,74198686107399967946,2025-05-05,VA,78,2025-05-05
47.237.115.193,74198686107399967946,2025-05-05,VA,96,2025-05-05
66.240.227.52,74198686107399967946,2025-05-05,VA,33,2025-05-05
6sigma.us,74198686107399967946,2025-05-05,VA,18,2025-05-05
74.208.236.241,74198686107399967946,2025-05-05,VA,16,2025-05-05
78.189.75.139,74198686107399967946,2025-05-05,VA,48,2025-05-05
hr-buyerguide.com,74198686107399967946,2025-05-05,VA,39,2025-05-05
omnicell.com,74198686107399967946,2025-05-05,VA,87,2025-05-05
rqipartners.com,74198686107399967946,2025-05-05,VA,65,2025-05-05
104.128.161.233,74198686107399967946,2025-05-06,VA,15,2025-05-06
104.18.32.191,74198686107399967946,2025-05-06,VA,29,2025-05-06
104.192.3.74,74198686107399967946,2025-05-06,VA,11,2025-05-06
118.193.72.187,74198686107399967946,2025-05-06,VA,3,2025-05-06
141.98.252.143,74198686107399967946,2025-05-06,VA,2,2025-05-06
146.70.45.166,74198686107399967946,2025-05-06,VA,51,2025-05-06
162.142.125.242,74198686107399967946,2025-05-06,VA,61,2025-05-06
162.241.225.237,74198686107399967946,2025-05-06,VA,19,2025-05-06
172.98.33.195,74198686107399967946,2025-05-06,VA,30,2025-05-06
176.58.100.98,74198686107399967946,2025-05-06,VA,4,2025-05-06
185.195.19.207,74198686107399967946,2025-05-06,VA,1,2025-05-06
185.230.63.171,74198686107399967946,2025-05-06,VA,42,2025-05-06
190.92.174.130,74198686107399967946,2025-05-06,VA,5,2025-05-06
190.92.174.36,74198686107399967946,2025-05-06,VA,6,2025-05-06
192.124.249.112,74198686107399967946,2025-05-06,VA,59,2025-05-06
217.170.194.54,74198686107399967946,2025-05-06,VA,47,2025-05-06
37.19.200.151,74198686107399967946,2025-05-06,VA,9,2025-05-06
45.142.193.183,74198686107399967946,2025-05-06,VA,79,2025-05-06
45.142.193.207,74198686107399967946,2025-05-06,VA,77,2025-05-06
45.142.193.247,74198686107399967946,2025-05-06,VA,72,2025-05-06
45.142.193.51,74198686107399967946,2025-05-06,VA,81,2025-05-06
47.237.115.193,74198686107399967946,2025-05-06,VA,96,2025-05-06
50.31.156.115,74198686107399967946,2025-05-06,VA,66,2025-05-06
6sigma.us,74198686107399967946,2025-05-06,VA,16,2025-05-06
74.208.236.241,74198686107399967946,2025-05-06,VA,39,2025-05-06
78.189.75.139,74198686107399967946,2025-05-06,VA,48,2025-05-06
87.236.176.51,74198686107399967946,2025-05-06,VA,31,2025-05-06
ctrk.klclick2.com,74198686107399967946,2025-05-06,VA,46,2025-05-06
links.rasa.io,74198686107399967946,2025-05-06,VA,24,2025-05-06
omnicell.com,74198686107399967946,2025-05-06,VA,69,2025-05-06
rqipartners.com,74198686107399967946,2025-05-06,VA,78,2025-05-06
uploads-ssl.webflow.com,74198686107399967946,2025-05-06,VA,50,2025-05-06
www.sthda.com,74198686107399967946,2025-05-06,VA,20,2025-05-06
104.128.161.233,74198686107399967946,2025-05-07,VA,27,2025-05-07
104.18.32.191,74198686107399967946,2025-05-07,VA,29,2025-05-07
104.192.3.74,74198686107399967946,2025-05-07,VA,1,2025-05-07
118.193.72.187,74198686107399967946,2025-05-07,VA,10,2025-05-07
146.70.200.3,74198686107399967946,2025-05-07,VA,14,2025-05-07
146.70.211.67,74198686107399967946,2025-05-07,VA,2,2025-05-07
157.230.162.215,74198686107399967946,2025-05-07,VA,21,2025-05-07
162.142.125.242,74198686107399967946,2025-05-07,VA,64,2025-05-07
162.241.225.237,74198686107399967946,2025-05-07,VA,7,2025-05-07
171.25.193.20,74198686107399967946,2025-05-07,VA,3,2025-05-07
172.240.108.68,74198686107399967946,2025-05-07,VA,49,2025-05-07
172.98.33.195,74198686107399967946,2025-05-07,VA,53,2025-05-07
185.230.63.171,74198686107399967946,2025-05-07,VA,86,2025-05-07
190.92.174.30,74198686107399967946,2025-05-07,VA,8,2025-05-07
190.92.174.36,74198686107399967946,2025-05-07,VA,4,2025-05-07
192.124.249.112,74198686107399967946,2025-05-07,VA,47,2025-05-07
192.155.84.28,74198686107399967946,2025-05-07,VA,40,2025-05-07
198.38.84.58,74198686107399967946,2025-05-07,VA,5,2025-05-07
213.209.129.21,74198686107399967946,2025-05-07,VA,19,2025-05-07
43.225.189.132,74198686107399967946,2025-05-07,VA,6,2025-05-07
45.142.193.183,74198686107399967946,2025-05-07,VA,88,2025-05-07
45.142.193.207,74198686107399967946,2025-05-07,VA,85,2025-05-07
45.142.193.247,74198686107399967946,2025-05-07,VA,89,2025-05-07
45.142.193.51,74198686107399967946,2025-05-07,VA,84,2025-05-07
47.237.115.193,74198686107399967946,2025-05-07,VA,93,2025-05-07
50.31.156.115,74198686107399967946,2025-05-07,VA,42,2025-05-07
6sigma.us,74198686107399967946,2025-05-07,VA,18,2025-05-07
78.189.75.139,74198686107399967946,2025-05-07,VA,46,2025-05-07
ctrk.klclick2.com,74198686107399967946,2025-05-07,VA,44,2025-05-07
enterpriseb2bwise.com,74198686107399967946,2025-05-07,VA,15,2025-05-07
links.rasa.io,74198686107399967946,2025-05-07,VA,28,2025-05-07
omnicell.com,74198686107399967946,2025-05-07,VA,70,2025-05-07
rqipartners.com,74198686107399967946,2025-05-07,VA,98,2025-05-07
uploads-ssl.webflow.com,74198686107399967946,2025-05-07,VA,52,2025-05-07
vtext.com,74198686107399967946,2025-05-07,VA,90,2025-05-07
103.108.231.67,74198686107399967946,2025-05-08,VA,21,2025-05-08
104.128.161.233,74198686107399967946,2025-05-08,VA,37,2025-05-08
104.18.32.191,74198686107399967946,2025-05-08,VA,26,2025-05-08
104.21.20.66,74198686107399967946,2025-05-08,VA,4,2025-05-08
104.21.3.76,74198686107399967946,2025-05-08,VA,6,2025-05-08
104.237.131.164,74198686107399967946,2025-05-08,VA,18,2025-05-08
118.193.59.10,74198686107399967946,2025-05-08,VA,12,2025-05-08
118.193.72.187,74198686107399967946,2025-05-08,VA,16,2025-05-08
146.70.45.166,74198686107399967946,2025-05-08,VA,38,2025-05-08
154.47.30.137,74198686107399967946,2025-05-08,VA,5,2025-05-08
157.230.162.215,74198686107399967946,2025-05-08,VA,29,2025-05-08
157.230.221.156,74198686107399967946,2025-05-08,VA,28,2025-05-08
162.142.125.242,74198686107399967946,2025-05-08,VA,63,2025-05-08
162.241.225.237,74198686107399967946,2025-05-08,VA,9,2025-05-08
169.150.223.208,74198686107399967946,2025-05-08,VA,1,2025-05-08
172.240.108.68,74198686107399967946,2025-05-08,VA,52,2025-05-08
172.98.33.195,74198686107399967946,2025-05-08,VA,57,2025-05-08
176.114.0.120,74198686107399967946,2025-05-08,VA,3,2025-05-08
185.129.62.63,74198686107399967946,2025-05-08,VA,2,2025-05-08
185.230.63.171,74198686107399967946,2025-05-08,VA,106,2025-05-08
190.92.174.30,74198686107399967946,2025-05-08,VA,10,2025-05-08
192.124.249.112,74198686107399967946,2025-05-08,VA,50,2025-05-08
196.251.69.91,74198686107399967946,2025-05-08,VA,99,2025-05-08
213.209.129.21,74198686107399967946,2025-05-08,VA,27,2025-05-08
217.170.194.54,74198686107399967946,2025-05-08,VA,47,2025-05-08
45.142.193.106,74198686107399967946,2025-05-08,VA,17,2025-05-08
45.142.193.183,74198686107399967946,2025-05-08,VA,154,2025-05-08
45.142.193.207,74198686107399967946,2025-05-08,VA,167,2025-05-08
45.142.193.247,74198686107399967946,2025-05-08,VA,162,2025-05-08
45.142.193.51,74198686107399967946,2025-05-08,VA,166,2025-05-08
47.237.115.193,74198686107399967946,2025-05-08,VA,96,2025-05-08
6sigma.us,74198686107399967946,2025-05-08,VA,15,2025-05-08
74.208.236.241,74198686107399967946,2025-05-08,VA,32,2025-05-08
78.189.75.139,74198686107399967946,2025-05-08,VA,48,2025-05-08
87.236.176.51,74198686107399967946,2025-05-08,VA,44,2025-05-08
96.126.110.22,74198686107399967946,2025-05-08,VA,22,2025-05-08
omnicell.com,74198686107399967946,2025-05-08,VA,72,2025-05-08
rqipartners.com,74198686107399967946,2025-05-08,VA,156,2025-05-08
uploads-ssl.webflow.com,74198686107399967946,2025-05-08,VA,88,2025-05-08
uploads.strikinglycdn.com,74198686107399967946,2025-05-08,VA,8,2025-05-08
www.deepseek.com,74198686107399967946,2025-05-08,VA,11,2025-05-08
www.sthda.com,74198686107399967946,2025-05-08,VA,20,2025-05-08
103.70.114.33,74198686107399967946,2025-05-09,VA,67,2025-05-09
104.128.161.233,74198686107399967946,2025-05-09,VA,21,2025-05-09
104.18.32.191,74198686107399967946,2025-05-09,VA,23,2025-05-09
104.21.45.12,74198686107399967946,2025-05-09,VA,3,2025-05-09
104.237.131.164,74198686107399967946,2025-05-09,VA,44,2025-05-09
118.193.59.10,74198686107399967946,2025-05-09,VA,8,2025-05-09
118.193.72.187,74198686107399967946,2025-05-09,VA,25,2025-05-09
146.70.45.166,74198686107399967946,2025-05-09,VA,11,2025-05-09
149.88.27.212,74198686107399967946,2025-05-09,VA,1,2025-05-09
157.230.162.215,74198686107399967946,2025-05-09,VA,41,2025-05-09
162.142.125.242,74198686107399967946,2025-05-09,VA,61,2025-05-09
171.25.193.20,74198686107399967946,2025-05-09,VA,5,2025-05-09
171.25.193.235,74198686107399967946,2025-05-09,VA,9,2025-05-09
172.240.108.68,74198686107399967946,2025-05-09,VA,47,2025-05-09
172.98.33.195,74198686107399967946,2025-05-09,VA,55,2025-05-09
185.129.62.63,74198686107399967946,2025-05-09,VA,4,2025-05-09
185.230.63.171,74198686107399967946,2025-05-09,VA,102,2025-05-09
192.124.249.112,74198686107399967946,2025-05-09,VA,43,2025-05-09
192.155.84.28,74198686107399967946,2025-05-09,VA,91,2025-05-09
193.105.73.21,74198686107399967946,2025-05-09,VA,7,2025-05-09
196.251.69.91,74198686107399967946,2025-05-09,VA,87,2025-05-09
213.209.129.21,74198686107399967946,2025-05-09,VA,6,2025-05-09
216.131.84.179,74198686107399967946,2025-05-09,VA,2,2025-05-09
217.170.194.54,74198686107399967946,2025-05-09,VA,15,2025-05-09
37.19.200.151,74198686107399967946,2025-05-09,VA,58,2025-05-09
45.142.193.106,74198686107399967946,2025-05-09,VA,16,2025-05-09
45.142.193.183,74198686107399967946,2025-05-09,VA,157,2025-05-09
45.142.193.207,74198686107399967946,2025-05-09,VA,147,2025-05-09
45.142.193.247,74198686107399967946,2025-05-09,VA,151,2025-05-09
45.33.120.158,74198686107399967946,2025-05-09,VA,77,2025-05-09
47.237.115.193,74198686107399967946,2025-05-09,VA,88,2025-05-09
50.31.156.115,74198686107399967946,2025-05-09,VA,40,2025-05-09
62.72.14.154,74198686107399967946,2025-05-09,VA,14,2025-05-09
6sigma.us,74198686107399967946,2025-05-09,VA,19,2025-05-09
74.208.236.241,74198686107399967946,2025-05-09,VA,31,2025-05-09
96.126.110.22,74198686107399967946,2025-05-09,VA,42,2025-05-09
ctrk.klclick2.com,74198686107399967946,2025-05-09,VA,48,2025-05-09
omnicell.com,74198686107399967946,2025-05-09,VA,65,2025-05-09
rqipartners.com,74198686107399967946,2025-05-09,VA,150,2025-05-09
uploads-ssl.webflow.com,74198686107399967946,2025-05-09,VA,86,2025-05-09
uploads.strikinglycdn.com,74198686107399967946,2025-05-09,VA,10,2025-05-09
vtext.com,74198686107399967946,2025-05-09,VA,89,2025-05-09
103.70.114.33,74198686107399967946,2025-05-10,VA,11,2025-05-10
104.128.161.233,74198686107399967946,2025-05-10,VA,14,2025-05-10
104.16.230.132,74198686107399967946,2025-05-10,VA,1,2025-05-10
104.16.231.132,74198686107399967946,2025-05-10,VA,2,2025-05-10
104.18.32.191,74198686107399967946,2025-05-10,VA,3,2025-05-10
104.237.131.164,74198686107399967946,2025-05-10,VA,28,2025-05-10
118.193.72.187,74198686107399967946,2025-05-10,VA,33,2025-05-10
146.70.45.166,74198686107399967946,2025-05-10,VA,36,2025-05-10
157.230.221.156,74198686107399967946,2025-05-10,VA,30,2025-05-10
162.142.125.242,74198686107399967946,2025-05-10,VA,67,2025-05-10
162.241.225.237,74198686107399967946,2025-05-10,VA,13,2025-05-10
169.150.203.29,74198686107399967946,2025-05-10,VA,6,2025-05-10
172.240.108.68,74198686107399967946,2025-05-10,VA,51,2025-05-10
172.98.33.195,74198686107399967946,2025-05-10,VA,35,2025-05-10
185.230.63.171,74198686107399967946,2025-05-10,VA,70,2025-05-10
190.92.174.36,74198686107399967946,2025-05-10,VA,4,2025-05-10
192.124.249.112,74198686107399967946,2025-05-10,VA,12,2025-05-10
192.155.84.28,74198686107399967946,2025-05-10,VA,50,2025-05-10
217.170.194.54,74198686107399967946,2025-05-10,VA,32,2025-05-10
37.19.200.151,74198686107399967946,2025-05-10,VA,96,2025-05-10
43.225.189.163,74198686107399967946,2025-05-10,VA,5,2025-05-10
45.135.57.192,74198686107399967946,2025-05-10,VA,48,2025-05-10
45.142.193.183,74198686107399967946,2025-05-10,VA,91,2025-05-10
45.142.193.207,74198686107399967946,2025-05-10,VA,87,2025-05-10
45.142.193.247,74198686107399967946,2025-05-10,VA,94,2025-05-10
45.33.120.158,74198686107399967946,2025-05-10,VA,23,2025-05-10
87.236.176.51,74198686107399967946,2025-05-10,VA,29,2025-05-10
96.126.110.22,74198686107399967946,2025-05-10,VA,25,2025-05-10
omnicell.com,74198686107399967946,2025-05-10,VA,47,2025-05-10
uploads-ssl.webflow.com,74198686107399967946,2025-05-10,VA,34,2025-05-10
vtext.com,74198686107399967946,2025-05-10,VA,95,2025-05-10
104.128.161.233,74198686107399967946,2025-05-11,VA,11,2025-05-11
104.21.3.76,74198686107399967946,2025-05-11,VA,8,2025-05-11
104.237.131.164,74198686107399967946,2025-05-11,VA,46,2025-05-11
118.193.59.10,74198686107399967946,2025-05-11,VA,2,2025-05-11
118.193.72.187,74198686107399967946,2025-05-11,VA,23,2025-05-11
146.70.166.131,74198686107399967946,2025-05-11,VA,1,2025-05-11
146.70.45.166,74198686107399967946,2025-05-11,VA,12,2025-05-11
157.230.162.215,74198686107399967946,2025-05-11,VA,48,2025-05-11
157.230.221.156,74198686107399967946,2025-05-11,VA,47,2025-05-11
162.142.125.242,74198686107399967946,2025-05-11,VA,68,2025-05-11
162.241.225.237,74198686107399967946,2025-05-11,VA,20,2025-05-11
171.25.193.20,74198686107399967946,2025-05-11,VA,4,2025-05-11
172.98.33.195,74198686107399967946,2025-05-11,VA,3,2025-05-11
185.230.63.171,74198686107399967946,2025-05-11,VA,65,2025-05-11
190.92.174.36,74198686107399967946,2025-05-11,VA,5,2025-05-11
192.124.249.112,74198686107399967946,2025-05-11,VA,15,2025-05-11
193.105.73.21,74198686107399967946,2025-05-11,VA,18,2025-05-11
37.19.200.151,74198686107399967946,2025-05-11,VA,42,2025-05-11
45.142.193.207,74198686107399967946,2025-05-11,VA,73,2025-05-11
45.142.193.247,74198686107399967946,2025-05-11,VA,71,2025-05-11
45.142.193.51,74198686107399967946,2025-05-11,VA,82,2025-05-11
45.33.120.158,74198686107399967946,2025-05-11,VA,50,2025-05-11
47.237.115.193,74198686107399967946,2025-05-11,VA,97,2025-05-11
50.31.156.115,74198686107399967946,2025-05-11,VA,10,2025-05-11
87.236.176.51,74198686107399967946,2025-05-11,VA,22,2025-05-11
rqipartners.com,74198686107399967946,2025-05-11,VA,17,2025-05-11
uploads-ssl.webflow.com,74198686107399967946,2025-05-11,VA,40,2025-05-11
vtext.com,74198686107399967946,2025-05-11,VA,96,2025-05-11
45.142.193.207,74198686107399967946,2025-05-12,VA,35,2025-05-12
45.142.193.247,74198686107399967946,2025-05-12,VA,41,2025-05-12
45.142.193.183,74198686107399967946,2025-05-12,VA,38,2025-05-12
162.142.125.242,74198686107399967946,2025-05-12,VA,31,2025-05-12
47.237.115.193,74198686107399967946,2025-05-12,VA,45,2025-05-12
45.142.193.106,74198686107399967946,2025-05-12,VA,8,2025-05-12
118.193.72.187,74198686107399967946,2025-05-12,VA,17,2025-05-12
192.155.84.28,74198686107399967946,2025-05-12,VA,22,2025-05-12
96.126.110.22,74198686107399967946,2025-05-12,VA,21,2025-05-12
45.33.120.158,74198686107399967946,2025-05-12,VA,20,2025-05-12
104.237.131.164,74198686107399967946,2025-05-12,VA,18,2025-05-12
217.170.194.54,74198686107399967946,2025-05-12,VA,34,2025-05-12
rqipartners.com,74198686107399967946,2025-05-12,VA,13,2025-05-12
216.131.120.90,74198686107399967946,2025-05-12,VA,6,2025-05-12
vtext.com,74198686107399967946,2025-05-12,VA,44,2025-05-12
ctrk.klclick2.com,74198686107399967946,2025-05-12,VA,2,2025-05-12
uploads-ssl.webflow.com,74198686107399967946,2025-05-12,VA,10,2025-05-12
chat.deepseek.com,74198686107399967946,2025-05-12,VA,1,2025-05-12
87.236.176.51,74198686107399967946,2025-05-12,VA,9,2025-05-12
146.70.45.166,74198686107399967946,2025-05-12,VA,7,2025-05-12
216.131.84.178,74198686107399967946,2025-05-12,VA,5,2025-05-12
192.124.249.112,74198686107399967946,2025-05-12,VA,4,2025-05-12
185.129.62.63,74198686107399967946,2025-05-12,VA,3,2025-05-12
104.18.32.191,74198686107399967946,2025-05-12,VA,19,2025-05-12
104.237.131.164,74198686107399967946,2025-05-12,VA,43,2025-05-12
118.193.72.187,74198686107399967946,2025-05-12,VA,36,2025-05-12
146.70.45.166,74198686107399967946,2025-05-12,VA,16,2025-05-12
157.230.162.215,74198686107399967946,2025-05-12,VA,51,2025-05-12
157.230.221.156,74198686107399967946,2025-05-12,VA,49,2025-05-12
162.142.125.242,74198686107399967946,2025-05-12,VA,66,2025-05-12
185.230.63.171,74198686107399967946,2025-05-12,VA,60,2025-05-12
185.65.134.75,74198686107399967946,2025-05-12,VA,27,2025-05-12
192.155.84.28,74198686107399967946,2025-05-12,VA,48,2025-05-12
200.21.254.245,74198686107399967946,2025-05-12,VA,32,2025-05-12
217.170.194.54,74198686107399967946,2025-05-12,VA,82,2025-05-12
45.142.193.183,74198686107399967946,2025-05-12,VA,79,2025-05-12
45.142.193.207,74198686107399967946,2025-05-12,VA,77,2025-05-12
45.142.193.247,74198686107399967946,2025-05-12,VA,84,2025-05-12
45.142.193.51,74198686107399967946,2025-05-12,VA,76,2025-05-12
47.237.115.193,74198686107399967946,2025-05-12,VA,97,2025-05-12
50.31.156.115,74198686107399967946,2025-05-12,VA,42,2025-05-12
87.236.176.51,74198686107399967946,2025-05-12,VA,24,2025-05-12
enterpriseb2bwise.com,74198686107399967946,2025-05-12,VA,12,2025-05-12
omnicell.com,74198686107399967946,2025-05-12,VA,73,2025-05-12
vtext.com,74198686107399967946,2025-05-12,VA,96,2025-05-12
45.142.193.247,74198686107399967946,2025-05-13,VA,34,2025-05-13
45.142.193.207,74198686107399967946,2025-05-13,VA,37,2025-05-13
45.142.193.51,74198686107399967946,2025-05-13,VA,45,2025-05-13
162.142.125.242,74198686107399967946,2025-05-13,VA,27,2025-05-13
47.237.115.193,74198686107399967946,2025-05-13,VA,40,2025-05-13
118.193.59.10,74198686107399967946,2025-05-13,VA,4,2025-05-13
118.193.72.187,74198686107399967946,2025-05-13,VA,13,2025-05-13
45.142.193.106,74198686107399967946,2025-05-13,VA,12,2025-05-13
192.155.84.28,74198686107399967946,2025-05-13,VA,19,2025-05-13
45.135.57.192,74198686107399967946,2025-05-13,VA,20,2025-05-13
157.230.162.215,74198686107399967946,2025-05-13,VA,11,2025-05-13
157.230.221.156,74198686107399967946,2025-05-13,VA,9,2025-05-13
96.126.110.22,74198686107399967946,2025-05-13,VA,8,2025-05-13
45.33.120.158,74198686107399967946,2025-05-13,VA,7,2025-05-13
uploads-ssl.webflow.com,74198686107399967946,2025-05-13,VA,16,2025-05-13
vtext.com,74198686107399967946,2025-05-13,VA,39,2025-05-13
172.240.108.68,74198686107399967946,2025-05-13,VA,22,2025-05-13
links.rasa.io,74198686107399967946,2025-05-13,VA,5,2025-05-13
omnicell.com,74198686107399967946,2025-05-13,VA,26,2025-05-13
104.21.3.76,74198686107399967946,2025-05-13,VA,1,2025-05-13
162.241.225.237,74198686107399967946,2025-05-13,VA,10,2025-05-13
www.deepseek.com,74198686107399967946,2025-05-13,VA,3,2025-05-13
37.19.210.2,74198686107399967946,2025-05-13,VA,6,2025-05-13
155.138.205.35,74198686107399967946,2025-05-13,VA,2,2025-05-13
104.128.161.233,74198686107399967946,2025-05-13,VA,23,2025-05-13
104.237.131.164,74198686107399967946,2025-05-13,VA,14,2025-05-13
146.70.45.166,74198686107399967946,2025-05-13,VA,43,2025-05-13
157.230.162.215,74198686107399967946,2025-05-13,VA,18,2025-05-13
162.142.125.242,74198686107399967946,2025-05-13,VA,65,2025-05-13
162.241.225.237,74198686107399967946,2025-05-13,VA,30,2025-05-13
172.240.108.68,74198686107399967946,2025-05-13,VA,52,2025-05-13
172.98.33.195,74198686107399967946,2025-05-13,VA,55,2025-05-13
185.230.63.171,74198686107399967946,2025-05-13,VA,58,2025-05-13
45.135.57.192,74198686107399967946,2025-05-13,VA,48,2025-05-13
45.142.193.183,74198686107399967946,2025-05-13,VA,97,2025-05-13
45.142.193.207,74198686107399967946,2025-05-13,VA,99,2025-05-13
45.142.193.247,74198686107399967946,2025-05-13,VA,98,2025-05-13
45.142.193.51,74198686107399967946,2025-05-13,VA,143,2025-05-13
47.237.115.193,74198686107399967946,2025-05-13,VA,95,2025-05-13
50.31.156.115,74198686107399967946,2025-05-13,VA,53,2025-05-13
74.208.236.241,74198686107399967946,2025-05-13,VA,35,2025-05-13
96.126.110.22,74198686107399967946,2025-05-13,VA,17,2025-05-13
ctrk.klclick2.com,74198686107399967946,2025-05-13,VA,56,2025-05-13
omnicell.com,74198686107399967946,2025-05-13,VA,77,2025-05-13
rqipartners.com,74198686107399967946,2025-05-13,VA,81,2025-05-13
104.128.161.233,74198686107399967946,2025-05-14,VA,19,2025-05-14
104.18.32.191,74198686107399967946,2025-05-14,VA,27,2025-05-14
104.21.20.66,74198686107399967946,2025-05-14,VA,2,2025-05-14
104.21.3.76,74198686107399967946,2025-05-14,VA,8,2025-05-14
104.237.131.164,74198686107399967946,2025-05-14,VA,48,2025-05-14
116.122.194.173,74198686107399967946,2025-05-14,VA,38,2025-05-14
118.193.72.187,74198686107399967946,2025-05-14,VA,45,2025-05-14
146.70.211.67,74198686107399967946,2025-05-14,VA,10,2025-05-14
146.70.45.166,74198686107399967946,2025-05-14,VA,23,2025-05-14
157.230.162.215,74198686107399967946,2025-05-14,VA,53,2025-05-14
157.230.221.156,74198686107399967946,2025-05-14,VA,50,2025-05-14
162.142.125.242,74198686107399967946,2025-05-14,VA,64,2025-05-14
162.247.72.199,74198686107399967946,2025-05-14,VA,1,2025-05-14
171.25.193.20,74198686107399967946,2025-05-14,VA,3,2025-05-14
171.25.193.235,74198686107399967946,2025-05-14,VA,5,2025-05-14
172.98.33.195,74198686107399967946,2025-05-14,VA,6,2025-05-14
185.230.63.171,74198686107399967946,2025-05-14,VA,88,2025-05-14
192.124.249.112,74198686107399967946,2025-05-14,VA,58,2025-05-14
192.155.84.28,74198686107399967946,2025-05-14,VA,79,2025-05-14
200.21.254.245,74198686107399967946,2025-05-14,VA,14,2025-05-14
216.131.120.90,74198686107399967946,2025-05-14,VA,13,2025-05-14
216.131.120.91,74198686107399967946,2025-05-14,VA,11,2025-05-14
217.170.194.54,74198686107399967946,2025-05-14,VA,47,2025-05-14
37.19.200.151,74198686107399967946,2025-05-14,VA,18,2025-05-14
45.142.193.106,74198686107399967946,2025-05-14,VA,24,2025-05-14
45.142.193.183,74198686107399967946,2025-05-14,VA,128,2025-05-14
45.142.193.207,74198686107399967946,2025-05-14,VA,129,2025-05-14
45.142.193.247,74198686107399967946,2025-05-14,VA,140,2025-05-14
45.33.120.158,74198686107399967946,2025-05-14,VA,86,2025-05-14
47.237.115.193,74198686107399967946,2025-05-14,VA,96,2025-05-14
6sigma.us,74198686107399967946,2025-05-14,VA,15,2025-05-14
74.208.236.241,74198686107399967946,2025-05-14,VA,25,2025-05-14
78.189.75.139,74198686107399967946,2025-05-14,VA,30,2025-05-14
cementexemplifybuddy.com,74198686107399967946,2025-05-14,VA,9,2025-05-14
chat.deepseek.com,74198686107399967946,2025-05-14,VA,4,2025-05-14
ctrk.klclick2.com,74198686107399967946,2025-05-14,VA,54,2025-05-14
links.rasa.io,74198686107399967946,2025-05-14,VA,26,2025-05-14
omnicell.com,74198686107399967946,2025-05-14,VA,84,2025-05-14
rqipartners.com,74198686107399967946,2025-05-14,VA,146,2025-05-14
uploads-ssl.webflow.com,74198686107399967946,2025-05-14,VA,93,2025-05-14
vtext.com,74198686107399967946,2025-05-14,VA,95,2025-05-14
45.142.193.183,74198686107399967946,2025-05-15,VA,76,2025-05-15
45.142.193.247,74198686107399967946,2025-05-15,VA,68,2025-05-15
45.142.193.207,74198686107399967946,2025-05-15,VA,65,2025-05-15
45.142.193.51,74198686107399967946,2025-05-15,VA,73,2025-05-15
91.191.209.198,74198686107399967946,2025-05-15,VA,14,2025-05-15
89.248.163.109,74198686107399967946,2025-05-15,VA,13,2025-05-15
89.248.163.59,74198686107399967946,2025-05-15,VA,12,2025-05-15
196.251.83.136,74198686107399967946,2025-05-15,VA,20,2025-05-15
162.142.125.242,74198686107399967946,2025-05-15,VA,33,2025-05-15
118.193.72.187,74198686107399967946,2025-05-15,VA,39,2025-05-15
118.193.59.10,74198686107399967946,2025-05-15,VA,7,2025-05-15
47.237.115.193,74198686107399967946,2025-05-15,VA,44,2025-05-15
157.230.162.215,74198686107399967946,2025-05-15,VA,22,2025-05-15
45.33.120.158,74198686107399967946,2025-05-15,VA,43,2025-05-15
193.163.125.226,74198686107399967946,2025-05-15,VA,16,2025-05-15
193.105.73.21,74198686107399967946,2025-05-15,VA,3,2025-05-15
217.170.194.54,74198686107399967946,2025-05-15,VA,28,2025-05-15
rqipartners.com,74198686107399967946,2025-05-15,VA,30,2025-05-15
185.230.63.171,74198686107399967946,2025-05-15,VA,57,2025-05-15
104.156.155.30,74198686107399967946,2025-05-15,VA,26,2025-05-15
ctrk.klclick2.com,74198686107399967946,2025-05-15,VA,15,2025-05-15
45.142.193.106,74198686107399967946,2025-05-15,VA,11,2025-05-15
links.rasa.io,74198686107399967946,2025-05-15,VA,5,2025-05-15
chat.deepseek.com,74198686107399967946,2025-05-15,VA,6,2025-05-15
104.18.32.191,74198686107399967946,2025-05-15,VA,4,2025-05-15
omnicell.com,74198686107399967946,2025-05-15,VA,19,2025-05-15
87.236.176.51,74198686107399967946,2025-05-15,VA,17,2025-05-15
87.236.176.53,74198686107399967946,2025-05-15,VA,9,2025-05-15
87.236.176.146,74198686107399967946,2025-05-15,VA,8,2025-05-15
50.31.156.115,74198686107399967946,2025-05-15,VA,10,2025-05-15
104.21.3.76,74198686107399967946,2025-05-15,VA,2,2025-05-15
arpdcresources.ca,74198686107399967946,2025-05-15,VA,1,2025-05-15
104.156.155.30,74198686107399967946,2025-05-15,VA,100,2025-05-15
104.18.32.191,74198686107399967946,2025-05-15,VA,32,2025-05-15
116.122.194.173,74198686107399967946,2025-05-15,VA,46,2025-05-15
118.193.72.187,74198686107399967946,2025-05-15,VA,75,2025-05-15
157.230.221.156,74198686107399967946,2025-05-15,VA,42,2025-05-15
162.142.125.242,74198686107399967946,2025-05-15,VA,66,2025-05-15
172.240.108.68,74198686107399967946,2025-05-15,VA,49,2025-05-15
185.230.63.171,74198686107399967946,2025-05-15,VA,103,2025-05-15
192.124.249.112,74198686107399967946,2025-05-15,VA,40,2025-05-15
192.155.84.28,74198686107399967946,2025-05-15,VA,87,2025-05-15
193.163.125.103,74198686107399967946,2025-05-15,VA,64,2025-05-15
217.170.194.54,74198686107399967946,2025-05-15,VA,72,2025-05-15
45.142.193.183,74198686107399967946,2025-05-15,VA,94,2025-05-15
45.142.193.207,74198686107399967946,2025-05-15,VA,133,2025-05-15
45.142.193.247,74198686107399967946,2025-05-15,VA,144,2025-05-15
45.142.193.51,74198686107399967946,2025-05-15,VA,91,2025-05-15
45.33.120.158,74198686107399967946,2025-05-15,VA,81,2025-05-15
47.237.115.193,74198686107399967946,2025-05-15,VA,92,2025-05-15
74.208.236.241,74198686107399967946,2025-05-15,VA,31,2025-05-15
87.236.176.117,74198686107399967946,2025-05-15,VA,35,2025-05-15
87.236.176.146,74198686107399967946,2025-05-15,VA,27,2025-05-15
87.236.176.16,74198686107399967946,2025-05-15,VA,38,2025-05-15
87.236.176.199,74198686107399967946,2025-05-15,VA,36,2025-05-15
87.236.176.207,74198686107399967946,2025-05-15,VA,23,2025-05-15
87.236.176.53,74198686107399967946,2025-05-15,VA,18,2025-05-15
87.236.176.85,74198686107399967946,2025-05-15,VA,29,2025-05-15
89.248.163.87,74198686107399967946,2025-05-15,VA,47,2025-05-15
91.191.209.198,74198686107399967946,2025-05-15,VA,62,2025-05-15
ctrk.klclick2.com,74198686107399967946,2025-05-15,VA,48,2025-05-15
rqipartners.com,74198686107399967946,2025-05-15,VA,142,2025-05-15
uploads-ssl.webflow.com,74198686107399967946,2025-05-15,VA,82,2025-05-15
vtext.com,74198686107399967946,2025-05-15,VA,93,2025-05-15
104.128.161.233,74198686107399967946,2025-05-16,VA,14,2025-05-16
104.152.52.105,74198686107399967946,2025-05-16,VA,10,2025-05-16
104.152.52.110,74198686107399967946,2025-05-16,VA,7,2025-05-16
104.152.52.139,74198686107399967946,2025-05-16,VA,4,2025-05-16
104.152.52.155,74198686107399967946,2025-05-16,VA,12,2025-05-16
104.152.52.212,74198686107399967946,2025-05-16,VA,9,2025-05-16
104.152.52.216,74198686107399967946,2025-05-16,VA,13,2025-05-16
104.152.52.237,74198686107399967946,2025-05-16,VA,17,2025-05-16
104.152.52.238,74198686107399967946,2025-05-16,VA,16,2025-05-16
104.156.155.30,74198686107399967946,2025-05-16,VA,234,2025-05-16
104.18.32.191,74198686107399967946,2025-05-16,VA,39,2025-05-16
104.21.20.66,74198686107399967946,2025-05-16,VA,1,2025-05-16
104.21.3.76,74198686107399967946,2025-05-16,VA,6,2025-05-16
116.122.194.173,74198686107399967946,2025-05-16,VA,48,2025-05-16
118.193.72.187,74198686107399967946,2025-05-16,VA,91,2025-05-16
146.70.45.166,74198686107399967946,2025-05-16,VA,33,2025-05-16
157.230.162.215,74198686107399967946,2025-05-16,VA,31,2025-05-16
157.230.221.156,74198686107399967946,2025-05-16,VA,25,2025-05-16
162.142.125.242,74198686107399967946,2025-05-16,VA,68,2025-05-16
172.240.108.68,74198686107399967946,2025-05-16,VA,54,2025-05-16
172.98.33.195,74198686107399967946,2025-05-16,VA,20,2025-05-16
185.100.85.132,74198686107399967946,2025-05-16,VA,3,2025-05-16
185.230.63.171,74198686107399967946,2025-05-16,VA,111,2025-05-16
190.92.174.87,74198686107399967946,2025-05-16,VA,2,2025-05-16
192.124.249.112,74198686107399967946,2025-05-16,VA,41,2025-05-16
192.155.84.28,74198686107399967946,2025-05-16,VA,27,2025-05-16
193.163.125.103,74198686107399967946,2025-05-16,VA,95,2025-05-16
196.251.83.136,74198686107399967946,2025-05-16,VA,97,2025-05-16
216.131.72.131,74198686107399967946,2025-05-16,VA,5,2025-05-16
37.19.200.151,74198686107399967946,2025-05-16,VA,43,2025-05-16
43.225.189.132,74198686107399967946,2025-05-16,VA,22,2025-05-16
45.142.193.106,74198686107399967946,2025-05-16,VA,49,2025-05-16
45.142.193.185,74198686107399967946,2025-05-16,VA,36,2025-05-16
45.142.193.207,74198686107399967946,2025-05-16,VA,153,2025-05-16
45.142.193.247,74198686107399967946,2025-05-16,VA,170,2025-05-16
45.33.120.158,74198686107399967946,2025-05-16,VA,37,2025-05-16
47.237.115.193,74198686107399967946,2025-05-16,VA,96,2025-05-16
50.31.156.115,74198686107399967946,2025-05-16,VA,47,2025-05-16
62.72.14.154,74198686107399967946,2025-05-16,VA,11,2025-05-16
64.233.180.99,74198686107399967946,2025-05-16,VA,65,2025-05-16
87.236.176.146,74198686107399967946,2025-05-16,VA,21,2025-05-16
87.236.176.15,74198686107399967946,2025-05-16,VA,38,2025-05-16
87.236.176.16,74198686107399967946,2025-05-16,VA,44,2025-05-16
87.236.176.199,74198686107399967946,2025-05-16,VA,55,2025-05-16
87.236.176.207,74198686107399967946,2025-05-16,VA,30,2025-05-16
87.236.176.214,74198686107399967946,2025-05-16,VA,23,2025-05-16
87.236.176.39,74198686107399967946,2025-05-16,VA,15,2025-05-16
87.236.176.51,74198686107399967946,2025-05-16,VA,18,2025-05-16
89.248.163.109,74198686107399967946,2025-05-16,VA,52,2025-05-16
89.248.163.60,74198686107399967946,2025-05-16,VA,50,2025-05-16
89.248.163.87,74198686107399967946,2025-05-16,VA,53,2025-05-16
chat.deepseek.com,74198686107399967946,2025-05-16,VA,29,2025-05-16
omnicell.com,74198686107399967946,2025-05-16,VA,71,2025-05-16
rqipartners.com,74198686107399967946,2025-05-16,VA,142,2025-05-16
uploads-ssl.webflow.com,74198686107399967946,2025-05-16,VA,78,2025-05-16
103.194.47.162,74198686107399967946,2025-05-17,VA,39,2025-05-17
103.77.192.88,74198686107399967946,2025-05-17,VA,1,2025-05-17
104.128.161.233,74198686107399967946,2025-05-17,VA,28,2025-05-17
104.152.52.105,74198686107399967946,2025-05-17,VA,9,2025-05-17
104.152.52.110,74198686107399967946,2025-05-17,VA,20,2025-05-17
104.152.52.139,74198686107399967946,2025-05-17,VA,3,2025-05-17
104.152.52.148,74198686107399967946,2025-05-17,VA,6,2025-05-17
104.152.52.212,74198686107399967946,2025-05-17,VA,7,2025-05-17
104.152.52.216,74198686107399967946,2025-05-17,VA,12,2025-05-17
104.152.52.225,74198686107399967946,2025-05-17,VA,13,2025-05-17
104.152.52.237,74198686107399967946,2025-05-17,VA,5,2025-05-17
104.152.52.238,74198686107399967946,2025-05-17,VA,24,2025-05-17
104.152.52.242,74198686107399967946,2025-05-17,VA,14,2025-05-17
104.156.155.30,74198686107399967946,2025-05-17,VA,68,2025-05-17
104.18.32.191,74198686107399967946,2025-05-17,VA,4,2025-05-17
104.21.20.66,74198686107399967946,2025-05-17,VA,2,2025-05-17
104.237.131.164,74198686107399967946,2025-05-17,VA,33,2025-05-17
116.122.194.173,74198686107399967946,2025-05-17,VA,48,2025-05-17
118.193.72.187,74198686107399967946,2025-05-17,VA,51,2025-05-17
146.70.45.166,74198686107399967946,2025-05-17,VA,18,2025-05-17
157.230.221.156,74198686107399967946,2025-05-17,VA,17,2025-05-17
162.142.125.242,74198686107399967946,2025-05-17,VA,72,2025-05-17
172.240.108.68,74198686107399967946,2025-05-17,VA,50,2025-05-17
172.98.33.195,74198686107399967946,2025-05-17,VA,19,2025-05-17
185.230.63.171,74198686107399967946,2025-05-17,VA,119,2025-05-17
192.155.84.28,74198686107399967946,2025-05-17,VA,46,2025-05-17
193.163.125.103,74198686107399967946,2025-05-17,VA,95,2025-05-17
196.251.83.136,74198686107399967946,2025-05-17,VA,99,2025-05-17
216.131.72.131,74198686107399967946,2025-05-17,VA,11,2025-05-17
217.170.194.54,74198686107399967946,2025-05-17,VA,91,2025-05-17
45.142.193.207,74198686107399967946,2025-05-17,VA,166,2025-05-17
45.142.193.247,74198686107399967946,2025-05-17,VA,160,2025-05-17
45.33.120.158,74198686107399967946,2025-05-17,VA,52,2025-05-17
47.237.115.193,74198686107399967946,2025-05-17,VA,97,2025-05-17
64.233.180.99,74198686107399967946,2025-05-17,VA,74,2025-05-17
87.236.176.117,74198686107399967946,2025-05-17,VA,70,2025-05-17
87.236.176.146,74198686107399967946,2025-05-17,VA,32,2025-05-17
87.236.176.15,74198686107399967946,2025-05-17,VA,27,2025-05-17
87.236.176.176,74198686107399967946,2025-05-17,VA,55,2025-05-17
87.236.176.199,74198686107399967946,2025-05-17,VA,57,2025-05-17
87.236.176.214,74198686107399967946,2025-05-17,VA,21,2025-05-17
87.236.176.223,74198686107399967946,2025-05-17,VA,42,2025-05-17
87.236.176.39,74198686107399967946,2025-05-17,VA,35,2025-05-17
87.236.176.78,74198686107399967946,2025-05-17,VA,83,2025-05-17
87.236.176.93,74198686107399967946,2025-05-17,VA,29,2025-05-17
89.248.163.109,74198686107399967946,2025-05-17,VA,53,2025-05-17
89.248.163.60,74198686107399967946,2025-05-17,VA,56,2025-05-17
89.248.163.67,74198686107399967946,2025-05-17,VA,54,2025-05-17
ctrk.klclick2.com,74198686107399967946,2025-05-17,VA,16,2025-05-17
uploads-ssl.webflow.com,74198686107399967946,2025-05-17,VA,92,2025-05-17
vtext.com,74198686107399967946,2025-05-17,VA,96,2025-05-17
103.194.47.162,74198686107399967946,2025-05-18,VA,39,2025-05-18
104.128.161.233,74198686107399967946,2025-05-18,VA,20,2025-05-18
104.152.52.110,74198686107399967946,2025-05-18,VA,18,2025-05-18
104.152.52.139,74198686107399967946,2025-05-18,VA,4,2025-05-18
104.152.52.212,74198686107399967946,2025-05-18,VA,10,2025-05-18
104.152.52.216,74198686107399967946,2025-05-18,VA,7,2025-05-18
104.152.52.225,74198686107399967946,2025-05-18,VA,6,2025-05-18
104.152.52.237,74198686107399967946,2025-05-18,VA,8,2025-05-18
104.152.52.238,74198686107399967946,2025-05-18,VA,5,2025-05-18
104.152.52.239,74198686107399967946,2025-05-18,VA,11,2025-05-18
104.156.155.30,74198686107399967946,2025-05-18,VA,171,2025-05-18
104.237.131.164,74198686107399967946,2025-05-18,VA,12,2025-05-18
116.122.194.173,74198686107399967946,2025-05-18,VA,48,2025-05-18
118.193.59.10,74198686107399967946,2025-05-18,VA,13,2025-05-18
118.193.72.187,74198686107399967946,2025-05-18,VA,71,2025-05-18
146.70.45.166,74198686107399967946,2025-05-18,VA,23,2025-05-18
157.230.162.215,74198686107399967946,2025-05-18,VA,32,2025-05-18
157.230.221.156,74198686107399967946,2025-05-18,VA,24,2025-05-18
162.142.125.242,74198686107399967946,2025-05-18,VA,69,2025-05-18
162.241.225.237,74198686107399967946,2025-05-18,VA,3,2025-05-18
169.150.203.29,74198686107399967946,2025-05-18,VA,2,2025-05-18
172.240.108.68,74198686107399967946,2025-05-18,VA,51,2025-05-18
172.98.33.195,74198686107399967946,2025-05-18,VA,22,2025-05-18
185.230.63.171,74198686107399967946,2025-05-18,VA,133,2025-05-18
192.124.249.112,74198686107399967946,2025-05-18,VA,15,2025-05-18
192.155.84.28,74198686107399967946,2025-05-18,VA,34,2025-05-18
193.163.125.103,74198686107399967946,2025-05-18,VA,95,2025-05-18
196.251.83.136,74198686107399967946,2025-05-18,VA,104,2025-05-18
217.170.194.54,74198686107399967946,2025-05-18,VA,87,2025-05-18
45.142.193.106,74198686107399967946,2025-05-18,VA,44,2025-05-18
45.142.193.247,74198686107399967946,2025-05-18,VA,46,2025-05-18
45.33.120.158,74198686107399967946,2025-05-18,VA,31,2025-05-18
47.237.115.193,74198686107399967946,2025-05-18,VA,96,2025-05-18
51.89.138.221,74198686107399967946,2025-05-18,VA,1,2025-05-18
74.208.236.241,74198686107399967946,2025-05-18,VA,14,2025-05-18
87.236.176.146,74198686107399967946,2025-05-18,VA,29,2025-05-18
87.236.176.16,74198686107399967946,2025-05-18,VA,58,2025-05-18
87.236.176.176,74198686107399967946,2025-05-18,VA,54,2025-05-18
87.236.176.199,74198686107399967946,2025-05-18,VA,42,2025-05-18
87.236.176.207,74198686107399967946,2025-05-18,VA,28,2025-05-18
87.236.176.214,74198686107399967946,2025-05-18,VA,26,2025-05-18
87.236.176.223,74198686107399967946,2025-05-18,VA,56,2025-05-18
87.236.176.85,74198686107399967946,2025-05-18,VA,50,2025-05-18
89.248.163.109,74198686107399967946,2025-05-18,VA,55,2025-05-18
89.248.163.60,74198686107399967946,2025-05-18,VA,53,2025-05-18
45.142.193.162,74198686107399967946,2025-05-19,VA,38,2025-05-19
91.191.209.198,74198686107399967946,2025-05-19,VA,43,2025-05-19
89.248.163.109,74198686107399967946,2025-05-19,VA,26,2025-05-19
89.248.163.87,74198686107399967946,2025-05-19,VA,25,2025-05-19
89.248.163.67,74198686107399967946,2025-05-19,VA,22,2025-05-19
196.251.83.136,74198686107399967946,2025-05-19,VA,45,2025-05-19
162.142.125.242,74198686107399967946,2025-05-19,VA,34,2025-05-19
118.193.59.10,74198686107399967946,2025-05-19,VA,14,2025-05-19
118.193.72.187,74198686107399967946,2025-05-19,VA,41,2025-05-19
47.237.115.193,74198686107399967946,2025-05-19,VA,44,2025-05-19
64.233.180.99,74198686107399967946,2025-05-19,VA,19,2025-05-19
104.156.155.35,74198686107399967946,2025-05-19,VA,12,2025-05-19
103.194.47.162,74198686107399967946,2025-05-19,VA,16,2025-05-19
104.156.155.30,74198686107399967946,2025-05-19,VA,87,2025-05-19
217.170.194.54,74198686107399967946,2025-05-19,VA,33,2025-05-19
185.230.63.171,74198686107399967946,2025-05-19,VA,55,2025-05-19
uploads-ssl.webflow.com,74198686107399967946,2025-05-19,VA,40,2025-05-19
87.236.176.16,74198686107399967946,2025-05-19,VA,20,2025-05-19
omnicell.com,74198686107399967946,2025-05-19,VA,21,2025-05-19
87.236.176.176,74198686107399967946,2025-05-19,VA,13,2025-05-19
192.155.84.28,74198686107399967946,2025-05-19,VA,15,2025-05-19
171.25.193.20,74198686107399967946,2025-05-19,VA,1,2025-05-19
104.152.52.148,74198686107399967946,2025-05-19,VA,3,2025-05-19
87.236.176.146,74198686107399967946,2025-05-19,VA,11,2025-05-19
87.236.176.78,74198686107399967946,2025-05-19,VA,8,2025-05-19
104.152.52.155,74198686107399967946,2025-05-19,VA,2,2025-05-19
87.236.176.214,74198686107399967946,2025-05-19,VA,10,2025-05-19
146.70.45.166,74198686107399967946,2025-05-19,VA,9,2025-05-19
ctrk.klclick2.com,74198686107399967946,2025-05-19,VA,6,2025-05-19
104.152.52.105,74198686107399967946,2025-05-19,VA,5,2025-05-19
87.236.176.51,74198686107399967946,2025-05-19,VA,7,2025-05-19
104.152.52.239,74198686107399967946,2025-05-19,VA,4,2025-05-19
104.156.155.30,74198686107399967946,2025-05-19,VA,151,2025-05-19
104.156.155.35,74198686107399967946,2025-05-19,VA,24,2025-05-19
104.18.32.191,74198686107399967946,2025-05-19,VA,29,2025-05-19
116.122.194.173,74198686107399967946,2025-05-19,VA,48,2025-05-19
157.230.162.215,74198686107399967946,2025-05-19,VA,18,2025-05-19
162.142.125.242,74198686107399967946,2025-05-19,VA,70,2025-05-19
172.98.33.195,74198686107399967946,2025-05-19,VA,27,2025-05-19
185.230.63.171,74198686107399967946,2025-05-19,VA,95,2025-05-19
196.251.83.136,74198686107399967946,2025-05-19,VA,97,2025-05-19
217.170.194.54,74198686107399967946,2025-05-19,VA,75,2025-05-19
45.135.57.192,74198686107399967946,2025-05-19,VA,47,2025-05-19
45.142.193.162,74198686107399967946,2025-05-19,VA,76,2025-05-19
47.237.115.193,74198686107399967946,2025-05-19,VA,96,2025-05-19
50.31.156.115,74198686107399967946,2025-05-19,VA,42,2025-05-19
87.236.176.146,74198686107399967946,2025-05-19,VA,23,2025-05-19
89.248.163.109,74198686107399967946,2025-05-19,VA,57,2025-05-19
89.248.163.60,74198686107399967946,2025-05-19,VA,54,2025-05-19
89.248.163.87,74198686107399967946,2025-05-19,VA,52,2025-05-19
rqipartners.com,74198686107399967946,2025-05-19,VA,116,2025-05-19
uploads-ssl.webflow.com,74198686107399967946,2025-05-19,VA,100,2025-05-19
103.147.185.248,74198686107399967946,2025-05-20,VA,29,2025-05-20
103.194.47.162,74198686107399967946,2025-05-20,VA,43,2025-05-20
103.207.37.51,74198686107399967946,2025-05-20,VA,26,2025-05-20
104.128.161.233,74198686107399967946,2025-05-20,VA,12,2025-05-20
104.152.52.105,74198686107399967946,2025-05-20,VA,6,2025-05-20
104.152.52.110,74198686107399967946,2025-05-20,VA,17,2025-05-20
104.152.52.139,74198686107399967946,2025-05-20,VA,4,2025-05-20
104.152.52.148,74198686107399967946,2025-05-20,VA,8,2025-05-20
104.152.52.155,74198686107399967946,2025-05-20,VA,13,2025-05-20
104.152.52.216,74198686107399967946,2025-05-20,VA,5,2025-05-20
104.152.52.237,74198686107399967946,2025-05-20,VA,14,2025-05-20
104.152.52.239,74198686107399967946,2025-05-20,VA,3,2025-05-20
104.156.155.30,74198686107399967946,2025-05-20,VA,178,2025-05-20
104.18.32.191,74198686107399967946,2025-05-20,VA,35,2025-05-20
104.237.131.164,74198686107399967946,2025-05-20,VA,32,2025-05-20
116.122.194.173,74198686107399967946,2025-05-20,VA,48,2025-05-20
118.193.59.10,74198686107399967946,2025-05-20,VA,7,2025-05-20
118.193.72.187,74198686107399967946,2025-05-20,VA,81,2025-05-20
141.98.11.128,74198686107399967946,2025-05-20,VA,201,2025-05-20
141.98.11.147,74198686107399967946,2025-05-20,VA,45,2025-05-20
157.230.162.215,74198686107399967946,2025-05-20,VA,37,2025-05-20
157.230.221.156,74198686107399967946,2025-05-20,VA,34,2025-05-20
162.142.125.242,74198686107399967946,2025-05-20,VA,66,2025-05-20
169.150.203.29,74198686107399967946,2025-05-20,VA,1,2025-05-20
172.172.143.118,74198686107399967946,2025-05-20,VA,18,2025-05-20
172.240.108.68,74198686107399967946,2025-05-20,VA,53,2025-05-20
185.12.59.118,74198686107399967946,2025-05-20,VA,88,2025-05-20
185.220.101.185,74198686107399967946,2025-05-20,VA,2,2025-05-20
185.230.63.171,74198686107399967946,2025-05-20,VA,121,2025-05-20
190.211.255.218,74198686107399967946,2025-05-20,VA,25,2025-05-20
192.124.249.112,74198686107399967946,2025-05-20,VA,40,2025-05-20
193.163.125.103,74198686107399967946,2025-05-20,VA,95,2025-05-20
193.32.162.21,74198686107399967946,2025-05-20,VA,86,2025-05-20
193.34.212.110,74198686107399967946,2025-05-20,VA,84,2025-05-20
194.180.49.76,74198686107399967946,2025-05-20,VA,100,2025-05-20
196.251.83.136,74198686107399967946,2025-05-20,VA,99,2025-05-20
196.251.83.76,74198686107399967946,2025-05-20,VA,30,2025-05-20
198.251.88.248,74198686107399967946,2025-05-20,VA,57,2025-05-20
204.76.203.206,74198686107399967946,2025-05-20,VA,136,2025-05-20
204.76.203.219,74198686107399967946,2025-05-20,VA,108,2025-05-20
206.217.206.68,74198686107399967946,2025-05-20,VA,21,2025-05-20
213.209.143.38,74198686107399967946,2025-05-20,VA,9,2025-05-20
216.131.72.131,74198686107399967946,2025-05-20,VA,10,2025-05-20
217.170.194.54,74198686107399967946,2025-05-20,VA,85,2025-05-20
3.248.33.252,74198686107399967946,2025-05-20,VA,22,2025-05-20
34.107.61.226,74198686107399967946,2025-05-20,VA,36,2025-05-20
37.19.210.2,74198686107399967946,2025-05-20,VA,15,2025-05-20
45.142.193.121,74198686107399967946,2025-05-20,VA,28,2025-05-20
45.142.193.162,74198686107399967946,2025-05-20,VA,77,2025-05-20
45.33.120.158,74198686107399967946,2025-05-20,VA,73,2025-05-20
47.237.115.193,74198686107399967946,2025-05-20,VA,98,2025-05-20
50.31.156.115,74198686107399967946,2025-05-20,VA,51,2025-05-20
51.158.205.47,74198686107399967946,2025-05-20,VA,116,2025-05-20
74.208.236.241,74198686107399967946,2025-05-20,VA,38,2025-05-20
87.236.176.117,74198686107399967946,2025-05-20,VA,46,2025-05-20
87.236.176.16,74198686107399967946,2025-05-20,VA,47,2025-05-20
87.236.176.176,74198686107399967946,2025-05-20,VA,72,2025-05-20
87.236.176.199,74198686107399967946,2025-05-20,VA,60,2025-05-20
87.236.176.207,74198686107399967946,2025-05-20,VA,20,2025-05-20
87.236.176.223,74198686107399967946,2025-05-20,VA,39,2025-05-20
87.236.176.78,74198686107399967946,2025-05-20,VA,54,2025-05-20
87.236.176.93,74198686107399967946,2025-05-20,VA,33,2025-05-20
89.248.163.109,74198686107399967946,2025-05-20,VA,50,2025-05-20
89.248.163.87,74198686107399967946,2025-05-20,VA,56,2025-05-20
89.42.231.140,74198686107399967946,2025-05-20,VA,110,2025-05-20
93.123.109.228,74198686107399967946,2025-05-20,VA,124,2025-05-20
93.123.109.229,74198686107399967946,2025-05-20,VA,123,2025-05-20
93.123.109.231,74198686107399967946,2025-05-20,VA,125,2025-05-20
ctrk.klclick2.com,74198686107399967946,2025-05-20,VA,41,2025-05-20
omnicell.com,74198686107399967946,2025-05-20,VA,64,2025-05-20
rqipartners.com,74198686107399967946,2025-05-20,VA,150,2025-05-20
uploads-ssl.webflow.com,74198686107399967946,2025-05-20,VA,92,2025-05-20
vtext.com,74198686107399967946,2025-05-20,VA,90,2025-05-20
103.133.107.28,74198686107399967946,2025-05-21,VA,47,2025-05-21
103.147.185.248,74198686107399967946,2025-05-21,VA,8,2025-05-21
103.156.92.159,74198686107399967946,2025-05-21,VA,19,2025-05-21
104.128.161.233,74198686107399967946,2025-05-21,VA,13,2025-05-21
104.152.52.105,74198686107399967946,2025-05-21,VA,3,2025-05-21
104.152.52.110,74198686107399967946,2025-05-21,VA,14,2025-05-21
104.152.52.139,74198686107399967946,2025-05-21,VA,7,2025-05-21
104.152.52.148,74198686107399967946,2025-05-21,VA,6,2025-05-21
104.152.52.155,74198686107399967946,2025-05-21,VA,10,2025-05-21
104.152.52.212,74198686107399967946,2025-05-21,VA,12,2025-05-21
104.152.52.225,74198686107399967946,2025-05-21,VA,5,2025-05-21
104.152.52.237,74198686107399967946,2025-05-21,VA,1,2025-05-21
104.152.52.238,74198686107399967946,2025-05-21,VA,11,2025-05-21
104.152.52.239,74198686107399967946,2025-05-21,VA,4,2025-05-21
104.156.155.30,74198686107399967946,2025-05-21,VA,116,2025-05-21
104.156.155.31,74198686107399967946,2025-05-21,VA,27,2025-05-21
104.18.32.191,74198686107399967946,2025-05-21,VA,32,2025-05-21
104.21.20.66,74198686107399967946,2025-05-21,VA,2,2025-05-21
104.237.131.164,74198686107399967946,2025-05-21,VA,25,2025-05-21
116.122.194.173,74198686107399967946,2025-05-21,VA,48,2025-05-21
118.193.59.10,74198686107399967946,2025-05-21,VA,72,2025-05-21
118.193.72.187,74198686107399967946,2025-05-21,VA,97,2025-05-21
141.98.11.128,74198686107399967946,2025-05-21,VA,59,2025-05-21
141.98.11.147,74198686107399967946,2025-05-21,VA,33,2025-05-21
146.70.45.166,74198686107399967946,2025-05-21,VA,35,2025-05-21
157.230.221.156,74198686107399967946,2025-05-21,VA,30,2025-05-21
162.142.125.242,74198686107399967946,2025-05-21,VA,22,2025-05-21
162.241.225.237,74198686107399967946,2025-05-21,VA,36,2025-05-21
172.240.108.68,74198686107399967946,2025-05-21,VA,54,2025-05-21
172.98.33.195,74198686107399967946,2025-05-21,VA,46,2025-05-21
185.12.59.118,74198686107399967946,2025-05-21,VA,93,2025-05-21
185.230.63.171,74198686107399967946,2025-05-21,VA,100,2025-05-21
192.124.249.112,74198686107399967946,2025-05-21,VA,44,2025-05-21
193.163.125.103,74198686107399967946,2025-05-21,VA,95,2025-05-21
194.180.49.76,74198686107399967946,2025-05-21,VA,9,2025-05-21
196.251.73.102,74198686107399967946,2025-05-21,VA,23,2025-05-21
196.251.83.136,74198686107399967946,2025-05-21,VA,99,2025-05-21
198.251.88.248,74198686107399967946,2025-05-21,VA,75,2025-05-21
204.76.203.206,74198686107399967946,2025-05-21,VA,141,2025-05-21
204.76.203.212,74198686107399967946,2025-05-21,VA,143,2025-05-21
204.76.203.219,74198686107399967946,2025-05-21,VA,149,2025-05-21
213.209.143.38,74198686107399967946,2025-05-21,VA,21,2025-05-21
217.170.194.54,74198686107399967946,2025-05-21,VA,91,2025-05-21
45.142.193.162,74198686107399967946,2025-05-21,VA,77,2025-05-21
45.33.120.158,74198686107399967946,2025-05-21,VA,60,2025-05-21
50.31.156.115,74198686107399967946,2025-05-21,VA,63,2025-05-21
51.158.205.47,74198686107399967946,2025-05-21,VA,167,2025-05-21
87.236.176.146,74198686107399967946,2025-05-21,VA,20,2025-05-21
87.236.176.176,74198686107399967946,2025-05-21,VA,28,2025-05-21
87.236.176.199,74198686107399967946,2025-05-21,VA,80,2025-05-21
87.236.176.207,74198686107399967946,2025-05-21,VA,45,2025-05-21
87.236.176.214,74198686107399967946,2025-05-21,VA,29,2025-05-21
87.236.176.78,74198686107399967946,2025-05-21,VA,56,2025-05-21
87.236.176.93,74198686107399967946,2025-05-21,VA,38,2025-05-21
89.248.163.109,74198686107399967946,2025-05-21,VA,51,2025-05-21
89.248.163.60,74198686107399967946,2025-05-21,VA,52,2025-05-21
89.42.231.140,74198686107399967946,2025-05-21,VA,112,2025-05-21
93.123.109.228,74198686107399967946,2025-05-21,VA,144,2025-05-21
93.123.109.230,74198686107399967946,2025-05-21,VA,145,2025-05-21
93.123.109.231,74198686107399967946,2025-05-21,VA,146,2025-05-21
ctrk.klclick2.com,74198686107399967946,2025-05-21,VA,34,2025-05-21
enterpriseb2bwise.com,74198686107399967946,2025-05-21,VA,24,2025-05-21
rqipartners.com,74198686107399967946,2025-05-21,VA,142,2025-05-21
uploads-ssl.webflow.com,74198686107399967946,2025-05-21,VA,108,2025-05-21
vtext.com,74198686107399967946,2025-05-21,VA,53,2025-05-21
103.133.107.28,74198686107399967946,2025-05-22,VA,31,2025-05-22
103.153.78.59,74198686107399967946,2025-05-22,VA,13,2025-05-22
103.194.47.162,74198686107399967946,2025-05-22,VA,42,2025-05-22
104.128.161.233,74198686107399967946,2025-05-22,VA,33,2025-05-22
104.152.52.105,74198686107399967946,2025-05-22,VA,8,2025-05-22
104.152.52.139,74198686107399967946,2025-05-22,VA,3,2025-05-22
104.152.52.148,74198686107399967946,2025-05-22,VA,4,2025-05-22
104.152.52.155,74198686107399967946,2025-05-22,VA,21,2025-05-22
104.152.52.216,74198686107399967946,2025-05-22,VA,10,2025-05-22
104.152.52.237,74198686107399967946,2025-05-22,VA,9,2025-05-22
104.152.52.238,74198686107399967946,2025-05-22,VA,15,2025-05-22
104.152.52.239,74198686107399967946,2025-05-22,VA,12,2025-05-22
104.156.155.30,74198686107399967946,2025-05-22,VA,125,2025-05-22
104.156.155.31,74198686107399967946,2025-05-22,VA,60,2025-05-22
104.18.32.191,74198686107399967946,2025-05-22,VA,28,2025-05-22
104.21.20.66,74198686107399967946,2025-05-22,VA,2,2025-05-22
104.244.79.50,74198686107399967946,2025-05-22,VA,7,2025-05-22
116.122.194.173,74198686107399967946,2025-05-22,VA,48,2025-05-22
118.193.59.10,74198686107399967946,2025-05-22,VA,87,2025-05-22
118.193.72.187,74198686107399967946,2025-05-22,VA,97,2025-05-22
141.98.10.151,74198686107399967946,2025-05-22,VA,54,2025-05-22
141.98.11.147,74198686107399967946,2025-05-22,VA,25,2025-05-22
141.98.11.82,74198686107399967946,2025-05-22,VA,71,2025-05-22
157.230.162.215,74198686107399967946,2025-05-22,VA,19,2025-05-22
157.230.221.156,74198686107399967946,2025-05-22,VA,17,2025-05-22
160.20.104.81,74198686107399967946,2025-05-22,VA,56,2025-05-22
162.241.225.237,74198686107399967946,2025-05-22,VA,30,2025-05-22
169.150.223.208,74198686107399967946,2025-05-22,VA,1,2025-05-22
172.240.108.68,74198686107399967946,2025-05-22,VA,52,2025-05-22
172.98.33.195,74198686107399967946,2025-05-22,VA,49,2025-05-22
176.65.149.182,74198686107399967946,2025-05-22,VA,194,2025-05-22
179.43.180.114,74198686107399967946,2025-05-22,VA,6,2025-05-22
18.223.104.85,74198686107399967946,2025-05-22,VA,27,2025-05-22
185.208.158.132,74198686107399967946,2025-05-22,VA,20,2025-05-22
185.230.63.171,74198686107399967946,2025-05-22,VA,109,2025-05-22
192.124.249.112,74198686107399967946,2025-05-22,VA,55,2025-05-22
192.155.84.28,74198686107399967946,2025-05-22,VA,18,2025-05-22
193.163.125.103,74198686107399967946,2025-05-22,VA,95,2025-05-22
194.163.159.240,74198686107399967946,2025-05-22,VA,36,2025-05-22
196.251.72.29,74198686107399967946,2025-05-22,VA,37,2025-05-22
196.251.83.136,74198686107399967946,2025-05-22,VA,65,2025-05-22
196.251.83.76,74198686107399967946,2025-05-22,VA,53,2025-05-22
198.251.88.248,74198686107399967946,2025-05-22,VA,74,2025-05-22
198.38.84.58,74198686107399967946,2025-05-22,VA,5,2025-05-22
198.96.155.3,74198686107399967946,2025-05-22,VA,14,2025-05-22
204.76.203.206,74198686107399967946,2025-05-22,VA,134,2025-05-22
204.76.203.212,74198686107399967946,2025-05-22,VA,137,2025-05-22
204.76.203.219,74198686107399967946,2025-05-22,VA,149,2025-05-22
213.136.68.40,74198686107399967946,2025-05-22,VA,46,2025-05-22
217.170.194.54,74198686107399967946,2025-05-22,VA,89,2025-05-22
45.142.193.121,74198686107399967946,2025-05-22,VA,22,2025-05-22
45.142.193.162,74198686107399967946,2025-05-22,VA,72,2025-05-22
45.79.120.183,74198686107399967946,2025-05-22,VA,16,2025-05-22
47.237.115.193,74198686107399967946,2025-05-22,VA,96,2025-05-22
50.31.156.115,74198686107399967946,2025-05-22,VA,57,2025-05-22
51.158.205.47,74198686107399967946,2025-05-22,VA,161,2025-05-22
64.62.197.39,74198686107399967946,2025-05-22,VA,103,2025-05-22
74.208.236.241,74198686107399967946,2025-05-22,VA,29,2025-05-22
83.222.190.66,74198686107399967946,2025-05-22,VA,34,2025-05-22
85.208.104.4,74198686107399967946,2025-05-22,VA,24,2025-05-22
87.236.176.117,74198686107399967946,2025-05-22,VA,51,2025-05-22
87.236.176.15,74198686107399967946,2025-05-22,VA,26,2025-05-22
87.236.176.199,74198686107399967946,2025-05-22,VA,50,2025-05-22
87.236.176.207,74198686107399967946,2025-05-22,VA,38,2025-05-22
87.236.176.223,74198686107399967946,2025-05-22,VA,64,2025-05-22
87.236.176.39,74198686107399967946,2025-05-22,VA,32,2025-05-22
87.236.176.78,74198686107399967946,2025-05-22,VA,69,2025-05-22
87.236.176.85,74198686107399967946,2025-05-22,VA,78,2025-05-22
93.123.109.228,74198686107399967946,2025-05-22,VA,144,2025-05-22
93.123.109.229,74198686107399967946,2025-05-22,VA,147,2025-05-22
hr-buyerguide.com,74198686107399967946,2025-05-22,VA,40,2025-05-22
rqipartners.com,74198686107399967946,2025-05-22,VA,120,2025-05-22
uploads-ssl.webflow.com,74198686107399967946,2025-05-22,VA,80,2025-05-22
103.133.107.28,74198686107399967946,2025-05-23,VA,5,2025-05-23
103.153.78.59,74198686107399967946,2025-05-23,VA,17,2025-05-23
103.194.47.162,74198686107399967946,2025-05-23,VA,21,2025-05-23
104.128.161.233,74198686107399967946,2025-05-23,VA,7,2025-05-23
104.152.52.105,74198686107399967946,2025-05-23,VA,11,2025-05-23
104.152.52.110,74198686107399967946,2025-05-23,VA,14,2025-05-23
104.152.52.148,74198686107399967946,2025-05-23,VA,2,2025-05-23
104.152.52.155,74198686107399967946,2025-05-23,VA,9,2025-05-23
104.152.52.212,74198686107399967946,2025-05-23,VA,10,2025-05-23
104.152.52.225,74198686107399967946,2025-05-23,VA,6,2025-05-23
104.152.52.238,74198686107399967946,2025-05-23,VA,16,2025-05-23
104.152.52.242,74198686107399967946,2025-05-23,VA,15,2025-05-23
104.156.155.30,74198686107399967946,2025-05-23,VA,62,2025-05-23
104.156.155.31,74198686107399967946,2025-05-23,VA,35,2025-05-23
104.18.32.191,74198686107399967946,2025-05-23,VA,19,2025-05-23
104.234.115.167,74198686107399967946,2025-05-23,VA,3,2025-05-23
104.244.79.50,74198686107399967946,2025-05-23,VA,1,2025-05-23
107.189.11.181,74198686107399967946,2025-05-23,VA,8,2025-05-23
116.122.194.173,74198686107399967946,2025-05-23,VA,23,2025-05-23
141.98.10.151,74198686107399967946,2025-05-23,VA,32,2025-05-23
141.98.11.82,74198686107399967946,2025-05-23,VA,63,2025-05-23
146.70.45.166,74198686107399967946,2025-05-23,VA,13,2025-05-23
162.246.17.143,74198686107399967946,2025-05-23,VA,4,2025-05-23
172.240.108.68,74198686107399967946,2025-05-23,VA,27,2025-05-23
172.98.33.195,74198686107399967946,2025-05-23,VA,41,2025-05-23
176.65.148.250,74198686107399967946,2025-05-23,VA,109,2025-05-23
176.65.149.182,74198686107399967946,2025-05-23,VA,103,2025-05-23
185.12.59.118,74198686107399967946,2025-05-23,VA,81,2025-05-23
190.211.255.218,74198686107399967946,2025-05-23,VA,20,2025-05-23
192.124.249.112,74198686107399967946,2025-05-23,VA,29,2025-05-23
193.163.125.103,74198686107399967946,2025-05-23,VA,45,2025-05-23
204.76.203.206,74198686107399967946,2025-05-23,VA,118,2025-05-23
204.76.203.212,74198686107399967946,2025-05-23,VA,121,2025-05-23
204.76.203.219,74198686107399967946,2025-05-23,VA,108,2025-05-23
45.135.194.13,74198686107399967946,2025-05-23,VA,34,2025-05-23
45.33.120.158,74198686107399967946,2025-05-23,VA,18,2025-05-23
47.237.115.193,74198686107399967946,2025-05-23,VA,47,2025-05-23
50.31.156.115,74198686107399967946,2025-05-23,VA,43,2025-05-23
51.158.205.47,74198686107399967946,2025-05-23,VA,69,2025-05-23
64.62.197.39,74198686107399967946,2025-05-23,VA,58,2025-05-23
83.222.190.66,74198686107399967946,2025-05-23,VA,37,2025-05-23
87.236.176.16,74198686107399967946,2025-05-23,VA,26,2025-05-23
87.236.176.199,74198686107399967946,2025-05-23,VA,22,2025-05-23
87.236.176.223,74198686107399967946,2025-05-23,VA,25,2025-05-23
87.236.176.78,74198686107399967946,2025-05-23,VA,24,2025-05-23
93.123.109.231,74198686107399967946,2025-05-23,VA,70,2025-05-23
rqipartners.com,74198686107399967946,2025-05-23,VA,96,2025-05-23
uploads-ssl.webflow.com,74198686107399967946,2025-05-23,VA,48,2025-05-23
103.133.107.28,74198686107399967946,2025-05-24,VA,30,2025-05-24
103.194.47.162,74198686107399967946,2025-05-24,VA,85,2025-05-24
104.128.161.233,74198686107399967946,2025-05-24,VA,16,2025-05-24
104.152.52.105,74198686107399967946,2025-05-24,VA,3,2025-05-24
104.152.52.110,74198686107399967946,2025-05-24,VA,5,2025-05-24
104.152.52.139,74198686107399967946,2025-05-24,VA,1,2025-05-24
104.152.52.237,74198686107399967946,2025-05-24,VA,2,2025-05-24
104.156.155.30,74198686107399967946,2025-05-24,VA,4,2025-05-24
104.156.155.31,74198686107399967946,2025-05-24,VA,80,2025-05-24
104.237.131.164,74198686107399967946,2025-05-24,VA,17,2025-05-24
116.122.194.173,74198686107399967946,2025-05-24,VA,48,2025-05-24
118.193.72.187,74198686107399967946,2025-05-24,VA,7,2025-05-24
141.98.10.151,74198686107399967946,2025-05-24,VA,67,2025-05-24
141.98.11.82,74198686107399967946,2025-05-24,VA,95,2025-05-24
146.70.211.67,74198686107399967946,2025-05-24,VA,10,2025-05-24
146.70.45.166,74198686107399967946,2025-05-24,VA,18,2025-05-24
157.230.221.156,74198686107399967946,2025-05-24,VA,8,2025-05-24
160.20.104.81,74198686107399967946,2025-05-24,VA,143,2025-05-24
162.241.225.237,74198686107399967946,2025-05-24,VA,13,2025-05-24
172.240.108.68,74198686107399967946,2025-05-24,VA,31,2025-05-24
172.98.33.195,74198686107399967946,2025-05-24,VA,54,2025-05-24
176.65.148.250,74198686107399967946,2025-05-24,VA,285,2025-05-24
176.65.149.182,74198686107399967946,2025-05-24,VA,207,2025-05-24
18.221.137.47,74198686107399967946,2025-05-24,VA,35,2025-05-24
18.223.104.85,74198686107399967946,2025-05-24,VA,36,2025-05-24
185.220.101.185,74198686107399967946,2025-05-24,VA,6,2025-05-24
185.230.63.171,74198686107399967946,2025-05-24,VA,151,2025-05-24
190.211.255.218,74198686107399967946,2025-05-24,VA,43,2025-05-24
192.124.249.112,74198686107399967946,2025-05-24,VA,11,2025-05-24
193.24.211.30,74198686107399967946,2025-05-24,VA,34,2025-05-24
196.251.69.91,74198686107399967946,2025-05-24,VA,12,2025-05-24
196.251.83.136,74198686107399967946,2025-05-24,VA,15,2025-05-24
196.251.83.76,74198686107399967946,2025-05-24,VA,79,2025-05-24
198.251.88.248,74198686107399967946,2025-05-24,VA,9,2025-05-24
204.76.203.212,74198686107399967946,2025-05-24,VA,265,2025-05-24
204.76.203.219,74198686107399967946,2025-05-24,VA,300,2025-05-24
213.136.68.40,74198686107399967946,2025-05-24,VA,14,2025-05-24
37.19.200.151,74198686107399967946,2025-05-24,VA,59,2025-05-24
45.142.193.185,74198686107399967946,2025-05-24,VA,24,2025-05-24
45.33.120.158,74198686107399967946,2025-05-24,VA,56,2025-05-24
47.237.115.193,74198686107399967946,2025-05-24,VA,96,2025-05-24
51.158.205.47,74198686107399967946,2025-05-24,VA,157,2025-05-24
64.62.197.39,74198686107399967946,2025-05-24,VA,125,2025-05-24
83.222.190.230,74198686107399967946,2025-05-24,VA,64,2025-05-24
87.236.176.117,74198686107399967946,2025-05-24,VA,60,2025-05-24
87.236.176.146,74198686107399967946,2025-05-24,VA,21,2025-05-24
87.236.176.15,74198686107399967946,2025-05-24,VA,28,2025-05-24
87.236.176.16,74198686107399967946,2025-05-24,VA,72,2025-05-24
87.236.176.176,74198686107399967946,2025-05-24,VA,62,2025-05-24
87.236.176.214,74198686107399967946,2025-05-24,VA,47,2025-05-24
87.236.176.223,74198686107399967946,2025-05-24,VA,57,2025-05-24
87.236.176.53,74198686107399967946,2025-05-24,VA,23,2025-05-24
87.236.176.78,74198686107399967946,2025-05-24,VA,52,2025-05-24
87.236.176.85,74198686107399967946,2025-05-24,VA,49,2025-05-24
87.236.176.93,74198686107399967946,2025-05-24,VA,25,2025-05-24
91.191.209.198,74198686107399967946,2025-05-24,VA,97,2025-05-24
93.123.109.228,74198686107399967946,2025-05-24,VA,242,2025-05-24
93.123.109.230,74198686107399967946,2025-05-24,VA,147,2025-05-24
93.123.109.231,74198686107399967946,2025-05-24,VA,240,2025-05-24
uploads-ssl.webflow.com,74198686107399967946,2025-05-24,VA,74,2025-05-24
103.133.107.28,74198686107399967946,2025-05-25,VA,132,2025-05-25
103.156.92.159,74198686107399967946,2025-05-25,VA,18,2025-05-25
103.194.47.162,74198686107399967946,2025-05-25,VA,91,2025-05-25
104.128.161.233,74198686107399967946,2025-05-25,VA,14,2025-05-25
104.152.52.105,74198686107399967946,2025-05-25,VA,17,2025-05-25
104.152.52.110,74198686107399967946,2025-05-25,VA,40,2025-05-25
104.152.52.139,74198686107399967946,2025-05-25,VA,6,2025-05-25
104.152.52.212,74198686107399967946,2025-05-25,VA,13,2025-05-25
104.152.52.237,74198686107399967946,2025-05-25,VA,11,2025-05-25
104.152.52.239,74198686107399967946,2025-05-25,VA,20,2025-05-25
104.152.52.242,74198686107399967946,2025-05-25,VA,7,2025-05-25
104.156.155.31,74198686107399967946,2025-05-25,VA,25,2025-05-25
104.156.155.35,74198686107399967946,2025-05-25,VA,4,2025-05-25
104.21.20.66,74198686107399967946,2025-05-25,VA,1,2025-05-25
104.237.131.164,74198686107399967946,2025-05-25,VA,8,2025-05-25
116.122.194.173,74198686107399967946,2025-05-25,VA,51,2025-05-25
141.98.10.151,74198686107399967946,2025-05-25,VA,67,2025-05-25
141.98.11.147,74198686107399967946,2025-05-25,VA,34,2025-05-25
141.98.11.82,74198686107399967946,2025-05-25,VA,99,2025-05-25
146.70.45.166,74198686107399967946,2025-05-25,VA,9,2025-05-25
156.228.76.0,74198686107399967946,2025-05-25,VA,3,2025-05-25
157.230.162.215,74198686107399967946,2025-05-25,VA,15,2025-05-25
157.230.221.156,74198686107399967946,2025-05-25,VA,19,2025-05-25
160.20.104.81,74198686107399967946,2025-05-25,VA,185,2025-05-25
172.240.108.68,74198686107399967946,2025-05-25,VA,27,2025-05-25
172.98.33.195,74198686107399967946,2025-05-25,VA,57,2025-05-25
176.65.148.250,74198686107399967946,2025-05-25,VA,295,2025-05-25
176.65.149.182,74198686107399967946,2025-05-25,VA,200,2025-05-25
18.223.104.85,74198686107399967946,2025-05-25,VA,29,2025-05-25
180.214.238.62,74198686107399967946,2025-05-25,VA,85,2025-05-25
185.230.63.171,74198686107399967946,2025-05-25,VA,157,2025-05-25
190.211.255.218,74198686107399967946,2025-05-25,VA,33,2025-05-25
190.92.174.87,74198686107399967946,2025-05-25,VA,2,2025-05-25
193.163.125.103,74198686107399967946,2025-05-25,VA,95,2025-05-25
196.251.69.91,74198686107399967946,2025-05-25,VA,101,2025-05-25
196.251.83.76,74198686107399967946,2025-05-25,VA,55,2025-05-25
198.55.98.76,74198686107399967946,2025-05-25,VA,84,2025-05-25
204.76.203.206,74198686107399967946,2025-05-25,VA,292,2025-05-25
204.76.203.212,74198686107399967946,2025-05-25,VA,239,2025-05-25
204.76.203.219,74198686107399967946,2025-05-25,VA,269,2025-05-25
213.136.68.40,74198686107399967946,2025-05-25,VA,12,2025-05-25
213.209.143.38,74198686107399967946,2025-05-25,VA,10,2025-05-25
45.135.57.192,74198686107399967946,2025-05-25,VA,48,2025-05-25
45.79.120.183,74198686107399967946,2025-05-25,VA,16,2025-05-25
47.237.115.193,74198686107399967946,2025-05-25,VA,96,2025-05-25
51.158.205.47,74198686107399967946,2025-05-25,VA,170,2025-05-25
64.32.17.130,74198686107399967946,2025-05-25,VA,5,2025-05-25
64.62.197.39,74198686107399967946,2025-05-25,VA,98,2025-05-25
83.222.190.238,74198686107399967946,2025-05-25,VA,97,2025-05-25
87.236.176.117,74198686107399967946,2025-05-25,VA,52,2025-05-25
87.236.176.146,74198686107399967946,2025-05-25,VA,32,2025-05-25
87.236.176.16,74198686107399967946,2025-05-25,VA,36,2025-05-25
87.236.176.176,74198686107399967946,2025-05-25,VA,66,2025-05-25
87.236.176.199,74198686107399967946,2025-05-25,VA,70,2025-05-25
87.236.176.207,74198686107399967946,2025-05-25,VA,28,2025-05-25
87.236.176.214,74198686107399967946,2025-05-25,VA,50,2025-05-25
87.236.176.223,74198686107399967946,2025-05-25,VA,45,2025-05-25
87.236.176.39,74198686107399967946,2025-05-25,VA,30,2025-05-25
87.236.176.78,74198686107399967946,2025-05-25,VA,61,2025-05-25
87.236.176.85,74198686107399967946,2025-05-25,VA,60,2025-05-25
87.236.176.93,74198686107399967946,2025-05-25,VA,31,2025-05-25
89.42.231.140,74198686107399967946,2025-05-25,VA,135,2025-05-25
91.191.209.218,74198686107399967946,2025-05-25,VA,90,2025-05-25
93.123.109.228,74198686107399967946,2025-05-25,VA,287,2025-05-25
93.123.109.230,74198686107399967946,2025-05-25,VA,145,2025-05-25
96.126.110.22,74198686107399967946,2025-05-25,VA,23,2025-05-25
uploads-ssl.webflow.com,74198686107399967946,2025-05-25,VA,82,2025-05-25
103.133.107.28,74198686107399967946,2025-05-26,VA,138,2025-05-26
103.147.185.248,74198686107399967946,2025-05-26,VA,31,2025-05-26
103.156.92.159,74198686107399967946,2025-05-26,VA,46,2025-05-26
103.194.47.162,74198686107399967946,2025-05-26,VA,83,2025-05-26
104.128.161.233,74198686107399967946,2025-05-26,VA,23,2025-05-26
104.152.52.105,74198686107399967946,2025-05-26,VA,14,2025-05-26
104.152.52.110,74198686107399967946,2025-05-26,VA,18,2025-05-26
104.152.52.139,74198686107399967946,2025-05-26,VA,10,2025-05-26
104.152.52.148,74198686107399967946,2025-05-26,VA,7,2025-05-26
104.152.52.155,74198686107399967946,2025-05-26,VA,9,2025-05-26
104.152.52.225,74198686107399967946,2025-05-26,VA,6,2025-05-26
104.152.52.237,74198686107399967946,2025-05-26,VA,21,2025-05-26
104.152.52.238,74198686107399967946,2025-05-26,VA,20,2025-05-26
104.152.52.239,74198686107399967946,2025-05-26,VA,3,2025-05-26
104.152.52.242,74198686107399967946,2025-05-26,VA,13,2025-05-26
104.156.155.30,74198686107399967946,2025-05-26,VA,52,2025-05-26
104.156.155.31,74198686107399967946,2025-05-26,VA,41,2025-05-26
104.21.20.66,74198686107399967946,2025-05-26,VA,1,2025-05-26
104.234.115.162,74198686107399967946,2025-05-26,VA,5,2025-05-26
104.234.115.167,74198686107399967946,2025-05-26,VA,8,2025-05-26
104.237.131.164,74198686107399967946,2025-05-26,VA,24,2025-05-26
104.244.79.50,74198686107399967946,2025-05-26,VA,4,2025-05-26
107.189.11.181,74198686107399967946,2025-05-26,VA,27,2025-05-26
116.122.194.173,74198686107399967946,2025-05-26,VA,49,2025-05-26
141.98.10.151,74198686107399967946,2025-05-26,VA,67,2025-05-26
141.98.11.147,74198686107399967946,2025-05-26,VA,29,2025-05-26
141.98.11.82,74198686107399967946,2025-05-26,VA,95,2025-05-26
157.230.162.215,74198686107399967946,2025-05-26,VA,35,2025-05-26
157.230.221.156,74198686107399967946,2025-05-26,VA,17,2025-05-26
160.20.104.81,74198686107399967946,2025-05-26,VA,16,2025-05-26
172.240.108.68,74198686107399967946,2025-05-26,VA,30,2025-05-26
172.98.33.195,74198686107399967946,2025-05-26,VA,64,2025-05-26
176.65.148.250,74198686107399967946,2025-05-26,VA,291,2025-05-26
176.65.149.182,74198686107399967946,2025-05-26,VA,161,2025-05-26
18.221.137.47,74198686107399967946,2025-05-26,VA,43,2025-05-26
180.214.238.62,74198686107399967946,2025-05-26,VA,117,2025-05-26
185.230.63.171,74198686107399967946,2025-05-26,VA,129,2025-05-26
192.155.84.28,74198686107399967946,2025-05-26,VA,11,2025-05-26
193.163.125.47,74198686107399967946,2025-05-26,VA,107,2025-05-26
193.163.125.71,74198686107399967946,2025-05-26,VA,103,2025-05-26
193.24.211.30,74198686107399967946,2025-05-26,VA,58,2025-05-26
196.251.83.136,74198686107399967946,2025-05-26,VA,97,2025-05-26
196.251.83.76,74198686107399967946,2025-05-26,VA,48,2025-05-26
196.251.87.59,74198686107399967946,2025-05-26,VA,53,2025-05-26
204.76.203.206,74198686107399967946,2025-05-26,VA,294,2025-05-26
204.76.203.212,74198686107399967946,2025-05-26,VA,232,2025-05-26
204.76.203.219,74198686107399967946,2025-05-26,VA,250,2025-05-26
217.170.194.54,74198686107399967946,2025-05-26,VA,59,2025-05-26
37.19.200.151,74198686107399967946,2025-05-26,VA,96,2025-05-26
37.19.200.155,74198686107399967946,2025-05-26,VA,2,2025-05-26
45.142.193.185,74198686107399967946,2025-05-26,VA,26,2025-05-26
45.33.120.158,74198686107399967946,2025-05-26,VA,44,2025-05-26
45.79.120.183,74198686107399967946,2025-05-26,VA,15,2025-05-26
47.237.115.193,74198686107399967946,2025-05-26,VA,98,2025-05-26
5.188.206.46,74198686107399967946,2025-05-26,VA,81,2025-05-26
51.158.205.47,74198686107399967946,2025-05-26,VA,189,2025-05-26
64.62.197.39,74198686107399967946,2025-05-26,VA,109,2025-05-26
87.236.176.117,74198686107399967946,2025-05-26,VA,66,2025-05-26
87.236.176.146,74198686107399967946,2025-05-26,VA,28,2025-05-26
87.236.176.15,74198686107399967946,2025-05-26,VA,36,2025-05-26
87.236.176.16,74198686107399967946,2025-05-26,VA,57,2025-05-26
87.236.176.176,74198686107399967946,2025-05-26,VA,71,2025-05-26
87.236.176.199,74198686107399967946,2025-05-26,VA,69,2025-05-26
87.236.176.207,74198686107399967946,2025-05-26,VA,25,2025-05-26
87.236.176.223,74198686107399967946,2025-05-26,VA,68,2025-05-26
87.236.176.51,74198686107399967946,2025-05-26,VA,60,2025-05-26
87.236.176.53,74198686107399967946,2025-05-26,VA,32,2025-05-26
87.236.176.78,74198686107399967946,2025-05-26,VA,56,2025-05-26
89.42.231.140,74198686107399967946,2025-05-26,VA,99,2025-05-26
91.191.209.218,74198686107399967946,2025-05-26,VA,61,2025-05-26
93.123.109.228,74198686107399967946,2025-05-26,VA,255,2025-05-26
93.123.109.229,74198686107399967946,2025-05-26,VA,257,2025-05-26
93.123.109.230,74198686107399967946,2025-05-26,VA,128,2025-05-26
uploads-ssl.webflow.com,74198686107399967946,2025-05-26,VA,70,2025-05-26
vtext.com,74198686107399967946,2025-05-26,VA,51,2025-05-26
83.222.191.70,74198686107399967946,2025-05-27,VA,26,2025-05-27
83.222.190.46,74198686107399967946,2025-05-27,VA,43,2025-05-27
204.76.203.206,74198686107399967946,2025-05-27,VA,135,2025-05-27
204.76.203.212,74198686107399967946,2025-05-27,VA,109,2025-05-27
204.76.203.219,74198686107399967946,2025-05-27,VA,107,2025-05-27
196.251.83.136,74198686107399967946,2025-05-27,VA,47,2025-05-27
141.98.10.151,74198686107399967946,2025-05-27,VA,33,2025-05-27
18.221.137.47,74198686107399967946,2025-05-27,VA,23,2025-05-27
176.65.148.250,74198686107399967946,2025-05-27,VA,133,2025-05-27
51.158.205.47,74198686107399967946,2025-05-27,VA,83,2025-05-27
18.223.104.85,74198686107399967946,2025-05-27,VA,12,2025-05-27
89.42.231.140,74198686107399967946,2025-05-27,VA,28,2025-05-27
103.147.185.248,74198686107399967946,2025-05-27,VA,19,2025-05-27
47.237.115.193,74198686107399967946,2025-05-27,VA,44,2025-05-27
157.230.221.156,74198686107399967946,2025-05-27,VA,13,2025-05-27
45.33.120.158,74198686107399967946,2025-05-27,VA,15,2025-05-27
193.163.125.71,74198686107399967946,2025-05-27,VA,45,2025-05-27
193.163.125.47,74198686107399967946,2025-05-27,VA,49,2025-05-27
64.62.197.39,74198686107399967946,2025-05-27,VA,46,2025-05-27
96.126.110.22,74198686107399967946,2025-05-27,VA,10,2025-05-27
134.122.117.221,74198686107399967946,2025-05-27,VA,6,2025-05-27
104.237.131.164,74198686107399967946,2025-05-27,VA,8,2025-05-27
138.197.92.73,74198686107399967946,2025-05-27,VA,9,2025-05-27
45.135.57.192,74198686107399967946,2025-05-27,VA,22,2025-05-27
103.194.47.162,74198686107399967946,2025-05-27,VA,37,2025-05-27
192.155.84.28,74198686107399967946,2025-05-27,VA,2,2025-05-27
104.156.155.30,74198686107399967946,2025-05-27,VA,87,2025-05-27
193.24.211.30,74198686107399967946,2025-05-27,VA,16,2025-05-27
103.133.107.28,74198686107399967946,2025-05-27,VA,84,2025-05-27
206.189.179.202,74198686107399967946,2025-05-27,VA,1,2025-05-27
180.214.238.62,74198686107399967946,2025-05-27,VA,66,2025-05-27
ctrk.klclick2.com,74198686107399967946,2025-05-27,VA,7,2025-05-27
uploads-ssl.webflow.com,74198686107399967946,2025-05-27,VA,32,2025-05-27
104.152.52.148,74198686107399967946,2025-05-27,VA,3,2025-05-27
87.236.176.117,74198686107399967946,2025-05-27,VA,38,2025-05-27
87.236.176.223,74198686107399967946,2025-05-27,VA,27,2025-05-27
172.98.33.195,74198686107399967946,2025-05-27,VA,31,2025-05-27
87.236.176.16,74198686107399967946,2025-05-27,VA,25,2025-05-27
87.236.176.214,74198686107399967946,2025-05-27,VA,24,2025-05-27
87.236.176.93,74198686107399967946,2025-05-27,VA,20,2025-05-27
87.236.176.146,74198686107399967946,2025-05-27,VA,18,2025-05-27
omnicell.com,74198686107399967946,2025-05-27,VA,11,2025-05-27
75.127.12.162,74198686107399967946,2025-05-27,VA,4,2025-05-27
103.133.107.28,74198686107399967946,2025-05-27,VA,226,2025-05-27
103.194.47.162,74198686107399967946,2025-05-27,VA,85,2025-05-27
104.128.161.233,74198686107399967946,2025-05-27,VA,14,2025-05-27
104.152.52.148,74198686107399967946,2025-05-27,VA,5,2025-05-27
104.156.155.30,74198686107399967946,2025-05-27,VA,211,2025-05-27
104.156.155.31,74198686107399967946,2025-05-27,VA,74,2025-05-27
141.98.10.151,74198686107399967946,2025-05-27,VA,68,2025-05-27
157.230.221.156,74198686107399967946,2025-05-27,VA,34,2025-05-27
172.240.108.68,74198686107399967946,2025-05-27,VA,36,2025-05-27
176.65.148.250,74198686107399967946,2025-05-27,VA,289,2025-05-27
176.65.149.182,74198686107399967946,2025-05-27,VA,95,2025-05-27
18.221.137.47,74198686107399967946,2025-05-27,VA,39,2025-05-27
18.223.104.85,74198686107399967946,2025-05-27,VA,29,2025-05-27
180.214.238.62,74198686107399967946,2025-05-27,VA,82,2025-05-27
185.230.63.171,74198686107399967946,2025-05-27,VA,122,2025-05-27
193.163.125.47,74198686107399967946,2025-05-27,VA,103,2025-05-27
193.163.125.71,74198686107399967946,2025-05-27,VA,99,2025-05-27
193.24.211.30,74198686107399967946,2025-05-27,VA,70,2025-05-27
196.251.69.91,74198686107399967946,2025-05-27,VA,97,2025-05-27
204.76.203.206,74198686107399967946,2025-05-27,VA,295,2025-05-27
204.76.203.212,74198686107399967946,2025-05-27,VA,225,2025-05-27
204.76.203.219,74198686107399967946,2025-05-27,VA,229,2025-05-27
206.189.179.202,74198686107399967946,2025-05-27,VA,21,2025-05-27
217.170.194.54,74198686107399967946,2025-05-27,VA,91,2025-05-27
45.135.57.192,74198686107399967946,2025-05-27,VA,48,2025-05-27
47.237.115.193,74198686107399967946,2025-05-27,VA,96,2025-05-27
50.31.156.115,74198686107399967946,2025-05-27,VA,62,2025-05-27
51.158.205.47,74198686107399967946,2025-05-27,VA,173,2025-05-27
64.62.197.39,74198686107399967946,2025-05-27,VA,102,2025-05-27
83.222.190.230,74198686107399967946,2025-05-27,VA,93,2025-05-27
83.222.191.70,74198686107399967946,2025-05-27,VA,78,2025-05-27
87.236.176.176,74198686107399967946,2025-05-27,VA,61,2025-05-27
87.236.176.207,74198686107399967946,2025-05-27,VA,30,2025-05-27
87.236.176.214,74198686107399967946,2025-05-27,VA,50,2025-05-27
87.236.176.223,74198686107399967946,2025-05-27,VA,69,2025-05-27
mavink.com,74198686107399967946,2025-05-27,VA,17,2025-05-27
vtext.com,74198686107399967946,2025-05-27,VA,54,2025-05-27
103.133.107.28,74198686107399967946,2025-05-28,VA,253,2025-05-28
103.194.47.162,74198686107399967946,2025-05-28,VA,81,2025-05-28
104.128.161.233,74198686107399967946,2025-05-28,VA,18,2025-05-28
104.152.52.105,74198686107399967946,2025-05-28,VA,8,2025-05-28
104.152.52.110,74198686107399967946,2025-05-28,VA,12,2025-05-28
104.152.52.139,74198686107399967946,2025-05-28,VA,9,2025-05-28
104.152.52.148,74198686107399967946,2025-05-28,VA,14,2025-05-28
104.152.52.216,74198686107399967946,2025-05-28,VA,10,2025-05-28
104.152.52.237,74198686107399967946,2025-05-28,VA,6,2025-05-28
104.152.52.239,74198686107399967946,2025-05-28,VA,13,2025-05-28
104.156.155.30,74198686107399967946,2025-05-28,VA,190,2025-05-28
104.156.155.31,74198686107399967946,2025-05-28,VA,83,2025-05-28
104.18.32.191,74198686107399967946,2025-05-28,VA,45,2025-05-28
104.21.3.76,74198686107399967946,2025-05-28,VA,2,2025-05-28
104.21.45.12,74198686107399967946,2025-05-28,VA,1,2025-05-28
104.234.115.162,74198686107399967946,2025-05-28,VA,7,2025-05-28
104.237.131.164,74198686107399967946,2025-05-28,VA,20,2025-05-28
141.98.11.82,74198686107399967946,2025-05-28,VA,4,2025-05-28
142.93.13.29,74198686107399967946,2025-05-28,VA,40,2025-05-28
146.70.45.166,74198686107399967946,2025-05-28,VA,38,2025-05-28
157.230.221.156,74198686107399967946,2025-05-28,VA,23,2025-05-28
172.240.108.68,74198686107399967946,2025-05-28,VA,42,2025-05-28
172.98.33.195,74198686107399967946,2025-05-28,VA,32,2025-05-28
176.65.148.250,74198686107399967946,2025-05-28,VA,91,2025-05-28
176.65.149.182,74198686107399967946,2025-05-28,VA,97,2025-05-28
18.223.104.85,74198686107399967946,2025-05-28,VA,28,2025-05-28
185.230.63.171,74198686107399967946,2025-05-28,VA,41,2025-05-28
185.248.85.14,74198686107399967946,2025-05-28,VA,5,2025-05-28
190.92.174.36,74198686107399967946,2025-05-28,VA,3,2025-05-28
192.124.249.112,74198686107399967946,2025-05-28,VA,50,2025-05-28
192.155.84.28,74198686107399967946,2025-05-28,VA,58,2025-05-28
193.163.125.103,74198686107399967946,2025-05-28,VA,95,2025-05-28
193.163.125.47,74198686107399967946,2025-05-28,VA,105,2025-05-28
193.163.125.71,74198686107399967946,2025-05-28,VA,99,2025-05-28
193.32.162.21,74198686107399967946,2025-05-28,VA,85,2025-05-28
198.55.98.76,74198686107399967946,2025-05-28,VA,76,2025-05-28
204.76.203.206,74198686107399967946,2025-05-28,VA,222,2025-05-28
204.76.203.212,74198686107399967946,2025-05-28,VA,250,2025-05-28
204.76.203.219,74198686107399967946,2025-05-28,VA,266,2025-05-28
213.209.143.38,74198686107399967946,2025-05-28,VA,36,2025-05-28
217.170.194.54,74198686107399967946,2025-05-28,VA,67,2025-05-28
37.19.200.151,74198686107399967946,2025-05-28,VA,44,2025-05-28
45.135.57.192,74198686107399967946,2025-05-28,VA,48,2025-05-28
45.142.193.185,74198686107399967946,2025-05-28,VA,16,2025-05-28
47.237.115.193,74198686107399967946,2025-05-28,VA,96,2025-05-28
50.31.156.115,74198686107399967946,2025-05-28,VA,64,2025-05-28
51.158.205.47,74198686107399967946,2025-05-28,VA,141,2025-05-28
64.32.17.130,74198686107399967946,2025-05-28,VA,34,2025-05-28
64.62.197.39,74198686107399967946,2025-05-28,VA,126,2025-05-28
74.208.236.241,74198686107399967946,2025-05-28,VA,26,2025-05-28
83.222.190.46,74198686107399967946,2025-05-28,VA,35,2025-05-28
87.236.176.117,74198686107399967946,2025-05-28,VA,78,2025-05-28
87.236.176.146,74198686107399967946,2025-05-28,VA,19,2025-05-28
87.236.176.16,74198686107399967946,2025-05-28,VA,47,2025-05-28
87.236.176.207,74198686107399967946,2025-05-28,VA,24,2025-05-28
87.236.176.214,74198686107399967946,2025-05-28,VA,33,2025-05-28
87.236.176.223,74198686107399967946,2025-05-28,VA,62,2025-05-28
87.236.176.53,74198686107399967946,2025-05-28,VA,30,2025-05-28
ctrk.klclick2.com,74198686107399967946,2025-05-28,VA,49,2025-05-28
enterpriseb2bwise.com,74198686107399967946,2025-05-28,VA,29,2025-05-28
links.rasa.io,74198686107399967946,2025-05-28,VA,31,2025-05-28
rqipartners.com,74198686107399967946,2025-05-28,VA,142,2025-05-28
tpmr.com,74198686107399967946,2025-05-28,VA,15,2025-05-28
uploads-ssl.webflow.com,74198686107399967946,2025-05-28,VA,80,2025-05-28
vtext.com,74198686107399967946,2025-05-28,VA,53,2025-05-28
www.deepseek.com,74198686107399967946,2025-05-28,VA,11,2025-05-28
78.128.113.190,74198686107399967946,2025-05-29,VA,14,2025-05-29
83.222.190.246,74198686107399967946,2025-05-29,VA,29,2025-05-29
5.188.206.46,74198686107399967946,2025-05-29,VA,39,2025-05-29
204.76.203.212,74198686107399967946,2025-05-29,VA,114,2025-05-29
204.76.203.219,74198686107399967946,2025-05-29,VA,96,2025-05-29
196.251.83.136,74198686107399967946,2025-05-29,VA,41,2025-05-29
204.76.203.206,74198686107399967946,2025-05-29,VA,98,2025-05-29
51.158.205.47,74198686107399967946,2025-05-29,VA,53,2025-05-29
18.221.137.47,74198686107399967946,2025-05-29,VA,13,2025-05-29
47.237.115.193,74198686107399967946,2025-05-29,VA,40,2025-05-29
64.62.197.145,74198686107399967946,2025-05-29,VA,15,2025-05-29
141.98.11.147,74198686107399967946,2025-05-29,VA,4,2025-05-29
193.163.125.71,74198686107399967946,2025-05-29,VA,43,2025-05-29
157.230.162.215,74198686107399967946,2025-05-29,VA,17,2025-05-29
45.33.120.158,74198686107399967946,2025-05-29,VA,23,2025-05-29
104.237.131.164,74198686107399967946,2025-05-29,VA,11,2025-05-29
111.252.109.168,74198686107399967946,2025-05-29,VA,12,2025-05-29
45.135.57.192,74198686107399967946,2025-05-29,VA,20,2025-05-29
64.62.197.226,74198686107399967946,2025-05-29,VA,18,2025-05-29
104.234.115.162,74198686107399967946,2025-05-29,VA,8,2025-05-29
103.194.47.162,74198686107399967946,2025-05-29,VA,36,2025-05-29
104.156.155.31,74198686107399967946,2025-05-29,VA,34,2025-05-29
45.80.158.167,74198686107399967946,2025-05-29,VA,2,2025-05-29
89.248.163.124,74198686107399967946,2025-05-29,VA,30,2025-05-29
uploads-ssl.webflow.com,74198686107399967946,2025-05-29,VA,26,2025-05-29
103.133.107.28,74198686107399967946,2025-05-29,VA,85,2025-05-29
vtext.com,74198686107399967946,2025-05-29,VA,21,2025-05-29
196.251.87.59,74198686107399967946,2025-05-29,VA,3,2025-05-29
193.32.162.96,74198686107399967946,2025-05-29,VA,5,2025-05-29
104.152.52.110,74198686107399967946,2025-05-29,VA,7,2025-05-29
links.rasa.io,74198686107399967946,2025-05-29,VA,1,2025-05-29
87.236.176.78,74198686107399967946,2025-05-29,VA,27,2025-05-29
172.98.33.195,74198686107399967946,2025-05-29,VA,24,2025-05-29
104.18.32.191,74198686107399967946,2025-05-29,VA,16,2025-05-29
37.19.200.151,74198686107399967946,2025-05-29,VA,9,2025-05-29
192.124.249.112,74198686107399967946,2025-05-29,VA,10,2025-05-29
87.236.176.53,74198686107399967946,2025-05-29,VA,6,2025-05-29
103.133.107.28,74198686107399967946,2025-05-29,VA,247,2025-05-29
103.194.47.162,74198686107399967946,2025-05-29,VA,74,2025-05-29
104.152.52.110,74198686107399967946,2025-05-29,VA,19,2025-05-29
104.156.155.30,74198686107399967946,2025-05-29,VA,177,2025-05-29
104.156.155.31,74198686107399967946,2025-05-29,VA,87,2025-05-29
141.98.11.147,74198686107399967946,2025-05-29,VA,44,2025-05-29
142.93.13.29,74198686107399967946,2025-05-29,VA,48,2025-05-29
172.98.33.195,74198686107399967946,2025-05-29,VA,52,2025-05-29
176.65.149.182,74198686107399967946,2025-05-29,VA,99,2025-05-29
18.221.137.47,74198686107399967946,2025-05-29,VA,33,2025-05-29
18.223.104.85,74198686107399967946,2025-05-29,VA,35,2025-05-29
190.202.131.222,74198686107399967946,2025-05-29,VA,70,2025-05-29
193.163.125.103,74198686107399967946,2025-05-29,VA,95,2025-05-29
193.163.125.39,74198686107399967946,2025-05-29,VA,75,2025-05-29
193.163.125.45,74198686107399967946,2025-05-29,VA,71,2025-05-29
193.163.125.47,74198686107399967946,2025-05-29,VA,105,2025-05-29
193.163.125.51,74198686107399967946,2025-05-29,VA,80,2025-05-29
193.163.125.71,74198686107399967946,2025-05-29,VA,111,2025-05-29
196.251.83.76,74198686107399967946,2025-05-29,VA,32,2025-05-29
198.55.98.76,74198686107399967946,2025-05-29,VA,46,2025-05-29
204.76.203.206,74198686107399967946,2025-05-29,VA,248,2025-05-29
204.76.203.212,74198686107399967946,2025-05-29,VA,272,2025-05-29
204.76.203.219,74198686107399967946,2025-05-29,VA,232,2025-05-29
217.170.194.54,74198686107399967946,2025-05-29,VA,45,2025-05-29
50.31.156.115,74198686107399967946,2025-05-29,VA,58,2025-05-29
51.158.205.47,74198686107399967946,2025-05-29,VA,157,2025-05-29
64.62.197.145,74198686107399967946,2025-05-29,VA,47,2025-05-29
64.62.197.226,74198686107399967946,2025-05-29,VA,84,2025-05-29
64.62.197.39,74198686107399967946,2025-05-29,VA,113,2025-05-29
74.208.236.241,74198686107399967946,2025-05-29,VA,42,2025-05-29
83.222.190.246,74198686107399967946,2025-05-29,VA,63,2025-05-29
87.236.176.117,74198686107399967946,2025-05-29,VA,55,2025-05-29
87.236.176.214,74198686107399967946,2025-05-29,VA,38,2025-05-29
87.236.176.51,74198686107399967946,2025-05-29,VA,60,2025-05-29
87.236.176.85,74198686107399967946,2025-05-29,VA,78,2025-05-29
89.248.163.124,74198686107399967946,2025-05-29,VA,120,2025-05-29
93.123.109.230,74198686107399967946,2025-05-29,VA,57,2025-05-29
enterpriseb2bwise.com,74198686107399967946,2025-05-29,VA,28,2025-05-29
rqipartners.com,74198686107399967946,2025-05-29,VA,92,2025-05-29
uploads-ssl.webflow.com,74198686107399967946,2025-05-29,VA,82,2025-05-29
vtext.com,74198686107399967946,2025-05-29,VA,54,2025-05-29
103.133.107.28,74198686107399967946,2025-05-30,VA,255,2025-05-30
103.156.92.159,74198686107399967946,2025-05-30,VA,104,2025-05-30
103.194.47.162,74198686107399967946,2025-05-30,VA,85,2025-05-30
103.207.37.51,74198686107399967946,2025-05-30,VA,144,2025-05-30
104.128.161.233,74198686107399967946,2025-05-30,VA,17,2025-05-30
104.152.52.105,74198686107399967946,2025-05-30,VA,4,2025-05-30
104.152.52.110,74198686107399967946,2025-05-30,VA,5,2025-05-30
104.152.52.139,74198686107399967946,2025-05-30,VA,7,2025-05-30
104.152.52.148,74198686107399967946,2025-05-30,VA,13,2025-05-30
104.152.52.212,74198686107399967946,2025-05-30,VA,11,2025-05-30
104.152.52.216,74198686107399967946,2025-05-30,VA,12,2025-05-30
104.152.52.237,74198686107399967946,2025-05-30,VA,6,2025-05-30
104.152.52.238,74198686107399967946,2025-05-30,VA,34,2025-05-30
104.152.52.242,74198686107399967946,2025-05-30,VA,14,2025-05-30
104.156.155.30,74198686107399967946,2025-05-30,VA,168,2025-05-30
104.156.155.31,74198686107399967946,2025-05-30,VA,69,2025-05-30
104.18.32.191,74198686107399967946,2025-05-30,VA,23,2025-05-30
104.21.20.66,74198686107399967946,2025-05-30,VA,3,2025-05-30
104.21.45.12,74198686107399967946,2025-05-30,VA,1,2025-05-30
104.237.131.164,74198686107399967946,2025-05-30,VA,31,2025-05-30
107.189.11.181,74198686107399967946,2025-05-30,VA,8,2025-05-30
116.122.194.173,74198686107399967946,2025-05-30,VA,27,2025-05-30
142.93.13.29,74198686107399967946,2025-05-30,VA,48,2025-05-30
148.113.8.222,74198686107399967946,2025-05-30,VA,50,2025-05-30
157.230.162.215,74198686107399967946,2025-05-30,VA,25,2025-05-30
157.230.221.156,74198686107399967946,2025-05-30,VA,21,2025-05-30
162.241.225.237,74198686107399967946,2025-05-30,VA,2,2025-05-30
171.25.193.20,74198686107399967946,2025-05-30,VA,10,2025-05-30
172.240.108.68,74198686107399967946,2025-05-30,VA,47,2025-05-30
176.65.149.182,74198686107399967946,2025-05-30,VA,97,2025-05-30
18.223.104.85,74198686107399967946,2025-05-30,VA,42,2025-05-30
185.242.226.80,74198686107399967946,2025-05-30,VA,9,2025-05-30
190.202.131.222,74198686107399967946,2025-05-30,VA,95,2025-05-30
192.124.249.112,74198686107399967946,2025-05-30,VA,43,2025-05-30
193.163.125.39,74198686107399967946,2025-05-30,VA,103,2025-05-30
193.163.125.45,74198686107399967946,2025-05-30,VA,101,2025-05-30
193.163.125.47,74198686107399967946,2025-05-30,VA,105,2025-05-30
193.163.125.51,74198686107399967946,2025-05-30,VA,96,2025-05-30
193.163.125.52,74198686107399967946,2025-05-30,VA,99,2025-05-30
193.24.211.30,74198686107399967946,2025-05-30,VA,30,2025-05-30
193.32.162.96,74198686107399967946,2025-05-30,VA,24,2025-05-30
194.180.49.76,74198686107399967946,2025-05-30,VA,26,2025-05-30
196.251.87.59,74198686107399967946,2025-05-30,VA,64,2025-05-30
198.55.98.76,74198686107399967946,2025-05-30,VA,78,2025-05-30
204.76.203.206,74198686107399967946,2025-05-30,VA,169,2025-05-30
204.76.203.212,74198686107399967946,2025-05-30,VA,253,2025-05-30
204.76.203.219,74198686107399967946,2025-05-30,VA,258,2025-05-30
217.170.194.54,74198686107399967946,2025-05-30,VA,55,2025-05-30
45.142.193.185,74198686107399967946,2025-05-30,VA,18,2025-05-30
5.188.206.46,74198686107399967946,2025-05-30,VA,39,2025-05-30
50.31.156.115,74198686107399967946,2025-05-30,VA,63,2025-05-30
51.158.205.47,74198686107399967946,2025-05-30,VA,165,2025-05-30
64.62.197.226,74198686107399967946,2025-05-30,VA,124,2025-05-30
64.62.197.39,74198686107399967946,2025-05-30,VA,119,2025-05-30
70.39.75.187,74198686107399967946,2025-05-30,VA,28,2025-05-30
74.208.236.241,74198686107399967946,2025-05-30,VA,40,2025-05-30
83.222.190.230,74198686107399967946,2025-05-30,VA,93,2025-05-30
83.222.190.246,74198686107399967946,2025-05-30,VA,61,2025-05-30
87.236.176.117,74198686107399967946,2025-05-30,VA,70,2025-05-30
87.236.176.146,74198686107399967946,2025-05-30,VA,33,2025-05-30
87.236.176.16,74198686107399967946,2025-05-30,VA,51,2025-05-30
87.236.176.214,74198686107399967946,2025-05-30,VA,79,2025-05-30
87.236.176.39,74198686107399967946,2025-05-30,VA,29,2025-05-30
87.236.176.51,74198686107399967946,2025-05-30,VA,54,2025-05-30
87.236.176.78,74198686107399967946,2025-05-30,VA,20,2025-05-30
89.248.163.124,74198686107399967946,2025-05-30,VA,154,2025-05-30
89.248.163.27,74198686107399967946,2025-05-30,VA,150,2025-05-30
93.123.109.229,74198686107399967946,2025-05-30,VA,287,2025-05-30
93.123.109.230,74198686107399967946,2025-05-30,VA,145,2025-05-30
93.123.109.231,74198686107399967946,2025-05-30,VA,285,2025-05-30
omnicell.com,74198686107399967946,2025-05-30,VA,45,2025-05-30
rqipartners.com,74198686107399967946,2025-05-30,VA,120,2025-05-30
uploads-ssl.webflow.com,74198686107399967946,2025-05-30,VA,100,2025-05-30
103.133.107.28,74198686107399967946,2025-05-31,VA,52,2025-05-31
103.147.185.248,74198686107399967946,2025-05-31,VA,32,2025-05-31
103.156.92.159,74198686107399967946,2025-05-31,VA,180,2025-05-31
103.194.47.162,74198686107399967946,2025-05-31,VA,61,2025-05-31
103.207.37.51,74198686107399967946,2025-05-31,VA,118,2025-05-31
104.128.161.233,74198686107399967946,2025-05-31,VA,9,2025-05-31
104.152.52.105,74198686107399967946,2025-05-31,VA,5,2025-05-31
104.152.52.139,74198686107399967946,2025-05-31,VA,3,2025-05-31
104.152.52.148,74198686107399967946,2025-05-31,VA,4,2025-05-31
104.152.52.155,74198686107399967946,2025-05-31,VA,7,2025-05-31
104.152.52.216,74198686107399967946,2025-05-31,VA,8,2025-05-31
104.156.155.30,74198686107399967946,2025-05-31,VA,107,2025-05-31
104.156.155.31,74198686107399967946,2025-05-31,VA,83,2025-05-31
104.18.32.191,74198686107399967946,2025-05-31,VA,19,2025-05-31
104.21.20.66,74198686107399967946,2025-05-31,VA,2,2025-05-31
104.237.131.164,74198686107399967946,2025-05-31,VA,31,2025-05-31
116.122.194.173,74198686107399967946,2025-05-31,VA,49,2025-05-31
118.193.59.10,74198686107399967946,2025-05-31,VA,53,2025-05-31
118.193.72.187,74198686107399967946,2025-05-31,VA,56,2025-05-31
141.98.11.147,74198686107399967946,2025-05-31,VA,108,2025-05-31
146.70.168.195,74198686107399967946,2025-05-31,VA,1,2025-05-31
146.70.45.166,74198686107399967946,2025-05-31,VA,28,2025-05-31
157.230.162.215,74198686107399967946,2025-05-31,VA,25,2025-05-31
157.230.221.156,74198686107399967946,2025-05-31,VA,30,2025-05-31
165.232.161.174,74198686107399967946,2025-05-31,VA,41,2025-05-31
172.240.108.68,74198686107399967946,2025-05-31,VA,37,2025-05-31
172.98.33.195,74198686107399967946,2025-05-31,VA,33,2025-05-31
176.65.148.250,74198686107399967946,2025-05-31,VA,103,2025-05-31
176.65.149.182,74198686107399967946,2025-05-31,VA,69,2025-05-31
18.223.104.85,74198686107399967946,2025-05-31,VA,44,2025-05-31
190.202.131.222,74198686107399967946,2025-05-31,VA,65,2025-05-31
192.124.249.112,74198686107399967946,2025-05-31,VA,22,2025-05-31
192.155.84.28,74198686107399967946,2025-05-31,VA,68,2025-05-31
193.163.125.153,74198686107399967946,2025-05-31,VA,72,2025-05-31
193.163.125.178,74198686107399967946,2025-05-31,VA,71,2025-05-31
193.24.211.30,74198686107399967946,2025-05-31,VA,26,2025-05-31
196.251.69.91,74198686107399967946,2025-05-31,VA,70,2025-05-31
196.251.87.59,74198686107399967946,2025-05-31,VA,79,2025-05-31
198.55.98.76,74198686107399967946,2025-05-31,VA,45,2025-05-31
204.76.203.206,74198686107399967946,2025-05-31,VA,152,2025-05-31
204.76.203.212,74198686107399967946,2025-05-31,VA,182,2025-05-31
204.76.203.219,74198686107399967946,2025-05-31,VA,168,2025-05-31
217.170.194.54,74198686107399967946,2025-05-31,VA,63,2025-05-31
45.142.193.185,74198686107399967946,2025-05-31,VA,6,2025-05-31
45.33.120.158,74198686107399967946,2025-05-31,VA,40,2025-05-31
47.237.115.193,74198686107399967946,2025-05-31,VA,98,2025-05-31
50.31.156.115,74198686107399967946,2025-05-31,VA,16,2025-05-31
51.158.205.47,74198686107399967946,2025-05-31,VA,101,2025-05-31
64.62.197.145,74198686107399967946,2025-05-31,VA,54,2025-05-31
64.62.197.226,74198686107399967946,2025-05-31,VA,80,2025-05-31
64.62.197.39,74198686107399967946,2025-05-31,VA,81,2025-05-31
80.94.92.106,74198686107399967946,2025-05-31,VA,11,2025-05-31
87.236.176.117,74198686107399967946,2025-05-31,VA,20,2025-05-31
87.236.176.15,74198686107399967946,2025-05-31,VA,35,2025-05-31
87.236.176.16,74198686107399967946,2025-05-31,VA,43,2025-05-31
87.236.176.176,74198686107399967946,2025-05-31,VA,39,2025-05-31
87.236.176.199,74198686107399967946,2025-05-31,VA,27,2025-05-31
87.236.176.214,74198686107399967946,2025-05-31,VA,34,2025-05-31
87.236.176.39,74198686107399967946,2025-05-31,VA,24,2025-05-31
87.236.176.51,74198686107399967946,2025-05-31,VA,29,2025-05-31
87.236.176.85,74198686107399967946,2025-05-31,VA,46,2025-05-31
89.248.163.117,74198686107399967946,2025-05-31,VA,12,2025-05-31
91.191.209.218,74198686107399967946,2025-05-31,VA,64,2025-05-31
93.123.109.229,74198686107399967946,2025-05-31,VA,197,2025-05-31
93.123.109.230,74198686107399967946,2025-05-31,VA,147,2025-05-31
vtext.com,74198686107399967946,2025-05-31,VA,50,2025-05-31
103.156.92.159,74198686107399967946,2025-06-01,VA,233,2025-06-01
103.194.47.162,74198686107399967946,2025-06-01,VA,79,2025-06-01
103.207.37.51,74198686107399967946,2025-06-01,VA,1,2025-06-01
104.128.161.233,74198686107399967946,2025-06-01,VA,16,2025-06-01
104.152.52.105,74198686107399967946,2025-06-01,VA,12,2025-06-01
104.152.52.139,74198686107399967946,2025-06-01,VA,7,2025-06-01
104.152.52.216,74198686107399967946,2025-06-01,VA,15,2025-06-01
104.152.52.225,74198686107399967946,2025-06-01,VA,13,2025-06-01
104.152.52.237,74198686107399967946,2025-06-01,VA,10,2025-06-01
104.152.52.238,74198686107399967946,2025-06-01,VA,17,2025-06-01
104.152.52.242,74198686107399967946,2025-06-01,VA,6,2025-06-01
104.156.155.30,74198686107399967946,2025-06-01,VA,151,2025-06-01
104.156.155.31,74198686107399967946,2025-06-01,VA,67,2025-06-01
104.234.115.162,74198686107399967946,2025-06-01,VA,8,2025-06-01
104.237.131.164,74198686107399967946,2025-06-01,VA,50,2025-06-01
104.244.79.50,74198686107399967946,2025-06-01,VA,4,2025-06-01
116.122.194.173,74198686107399967946,2025-06-01,VA,48,2025-06-01
118.179.198.193,74198686107399967946,2025-06-01,VA,3,2025-06-01
118.193.59.10,74198686107399967946,2025-06-01,VA,95,2025-06-01
118.193.72.187,74198686107399967946,2025-06-01,VA,99,2025-06-01
141.98.11.147,74198686107399967946,2025-06-01,VA,131,2025-06-01
141.98.11.82,74198686107399967946,2025-06-01,VA,20,2025-06-01
146.70.172.227,74198686107399967946,2025-06-01,VA,2,2025-06-01
146.70.45.166,74198686107399967946,2025-06-01,VA,27,2025-06-01
157.230.162.215,74198686107399967946,2025-06-01,VA,49,2025-06-01
165.232.161.174,74198686107399967946,2025-06-01,VA,25,2025-06-01
172.240.108.68,74198686107399967946,2025-06-01,VA,34,2025-06-01
172.98.33.195,74198686107399967946,2025-06-01,VA,21,2025-06-01
176.65.148.250,74198686107399967946,2025-06-01,VA,296,2025-06-01
176.65.149.182,74198686107399967946,2025-06-01,VA,97,2025-06-01
18.221.137.47,74198686107399967946,2025-06-01,VA,35,2025-06-01
18.223.104.85,74198686107399967946,2025-06-01,VA,47,2025-06-01
190.202.131.222,74198686107399967946,2025-06-01,VA,75,2025-06-01
192.155.84.28,74198686107399967946,2025-06-01,VA,87,2025-06-01
193.163.125.149,74198686107399967946,2025-06-01,VA,106,2025-06-01
196.251.83.136,74198686107399967946,2025-06-01,VA,101,2025-06-01
196.251.87.59,74198686107399967946,2025-06-01,VA,23,2025-06-01
198.55.98.76,74198686107399967946,2025-06-01,VA,36,2025-06-01
204.76.203.206,74198686107399967946,2025-06-01,VA,265,2025-06-01
204.76.203.212,74198686107399967946,2025-06-01,VA,252,2025-06-01
204.76.203.219,74198686107399967946,2025-06-01,VA,277,2025-06-01
217.170.194.54,74198686107399967946,2025-06-01,VA,85,2025-06-01
45.142.193.185,74198686107399967946,2025-06-01,VA,24,2025-06-01
47.237.115.193,74198686107399967946,2025-06-01,VA,98,2025-06-01
51.158.205.47,74198686107399967946,2025-06-01,VA,157,2025-06-01
64.62.197.145,74198686107399967946,2025-06-01,VA,58,2025-06-01
64.62.197.226,74198686107399967946,2025-06-01,VA,113,2025-06-01
64.62.197.39,74198686107399967946,2025-06-01,VA,121,2025-06-01
78.189.75.139,74198686107399967946,2025-06-01,VA,14,2025-06-01
83.222.190.246,74198686107399967946,2025-06-01,VA,65,2025-06-01
87.236.176.117,74198686107399967946,2025-06-01,VA,63,2025-06-01
87.236.176.16,74198686107399967946,2025-06-01,VA,40,2025-06-01
87.236.176.176,74198686107399967946,2025-06-01,VA,70,2025-06-01
87.236.176.199,74198686107399967946,2025-06-01,VA,54,2025-06-01
87.236.176.207,74198686107399967946,2025-06-01,VA,39,2025-06-01
87.236.176.223,74198686107399967946,2025-06-01,VA,52,2025-06-01
87.236.176.39,74198686107399967946,2025-06-01,VA,29,2025-06-01
87.236.176.51,74198686107399967946,2025-06-01,VA,60,2025-06-01
87.236.176.78,74198686107399967946,2025-06-01,VA,76,2025-06-01
89.248.163.116,74198686107399967946,2025-06-01,VA,11,2025-06-01
89.248.163.81,74198686107399967946,2025-06-01,VA,18,2025-06-01
93.123.109.228,74198686107399967946,2025-06-01,VA,93,2025-06-01
93.123.109.229,74198686107399967946,2025-06-01,VA,287,2025-06-01
93.123.109.230,74198686107399967946,2025-06-01,VA,144,2025-06-01
96.126.110.22,74198686107399967946,2025-06-01,VA,51,2025-06-01
rqipartners.com,74198686107399967946,2025-06-01,VA,56,2025-06-01
uploads-ssl.webflow.com,74198686107399967946,2025-06-01,VA,68,2025-06-01
5.188.206.114,74198686107399967946,2025-06-02,VA,39,2025-06-02
89.248.163.81,74198686107399967946,2025-06-02,VA,20,2025-06-02
83.222.190.246,74198686107399967946,2025-06-02,VA,26,2025-06-02
89.248.163.125,74198686107399967946,2025-06-02,VA,40,2025-06-02
89.248.163.121,74198686107399967946,2025-06-02,VA,3,2025-06-02
204.76.203.219,74198686107399967946,2025-06-02,VA,117,2025-06-02
204.76.203.212,74198686107399967946,2025-06-02,VA,98,2025-06-02
204.76.203.206,74198686107399967946,2025-06-02,VA,97,2025-06-02
176.65.149.182,74198686107399967946,2025-06-02,VA,35,2025-06-02
51.158.205.47,74198686107399967946,2025-06-02,VA,69,2025-06-02
18.221.137.47,74198686107399967946,2025-06-02,VA,16,2025-06-02
176.65.148.250,74198686107399967946,2025-06-02,VA,77,2025-06-02
93.123.109.231,74198686107399967946,2025-06-02,VA,119,2025-06-02
93.123.109.229,74198686107399967946,2025-06-02,VA,121,2025-06-02
93.123.109.230,74198686107399967946,2025-06-02,VA,61,2025-06-02
45.79.120.183,74198686107399967946,2025-06-02,VA,4,2025-06-02
83.222.191.10,74198686107399967946,2025-06-02,VA,41,2025-06-02
180.214.238.62,74198686107399967946,2025-06-02,VA,2,2025-06-02
104.234.115.162,74198686107399967946,2025-06-02,VA,10,2025-06-02
96.126.110.22,74198686107399967946,2025-06-02,VA,19,2025-06-02
193.163.125.178,74198686107399967946,2025-06-02,VA,43,2025-06-02
91.191.209.218,74198686107399967946,2025-06-02,VA,5,2025-06-02
64.62.197.226,74198686107399967946,2025-06-02,VA,53,2025-06-02
64.62.197.145,74198686107399967946,2025-06-02,VA,22,2025-06-02
103.194.47.162,74198686107399967946,2025-06-02,VA,37,2025-06-02
78.189.75.139,74198686107399967946,2025-06-02,VA,9,2025-06-02
183.108.86.173,74198686107399967946,2025-06-02,VA,7,2025-06-02
uploads-ssl.webflow.com,74198686107399967946,2025-06-02,VA,28,2025-06-02
148.113.8.222,74198686107399967946,2025-06-02,VA,6,2025-06-02
193.32.162.96,74198686107399967946,2025-06-02,VA,1,2025-06-02
172.240.108.68,74198686107399967946,2025-06-02,VA,14,2025-06-02
vtext.com,74198686107399967946,2025-06-02,VA,27,2025-06-02
87.236.176.176,74198686107399967946,2025-06-02,VA,32,2025-06-02
87.236.176.78,74198686107399967946,2025-06-02,VA,31,2025-06-02
103.156.92.159,74198686107399967946,2025-06-02,VA,24,2025-06-02
87.236.176.53,74198686107399967946,2025-06-02,VA,18,2025-06-02
87.236.176.207,74198686107399967946,2025-06-02,VA,13,2025-06-02
omnicell.com,74198686107399967946,2025-06-02,VA,12,2025-06-02
104.152.52.216,74198686107399967946,2025-06-02,VA,8,2025-06-02
103.156.92.159,74198686107399967946,2025-06-02,VA,176,2025-06-02
103.194.47.162,74198686107399967946,2025-06-02,VA,79,2025-06-02
104.128.161.233,74198686107399967946,2025-06-02,VA,15,2025-06-02
104.152.52.216,74198686107399967946,2025-06-02,VA,11,2025-06-02
104.18.32.191,74198686107399967946,2025-06-02,VA,34,2025-06-02
104.237.131.164,74198686107399967946,2025-06-02,VA,47,2025-06-02
118.193.59.10,74198686107399967946,2025-06-02,VA,93,2025-06-02
157.230.162.215,74198686107399967946,2025-06-02,VA,45,2025-06-02
18.223.104.85,74198686107399967946,2025-06-02,VA,38,2025-06-02
180.214.238.62,74198686107399967946,2025-06-02,VA,30,2025-06-02
192.155.84.28,74198686107399967946,2025-06-02,VA,91,2025-06-02
193.163.125.149,74198686107399967946,2025-06-02,VA,99,2025-06-02
193.163.125.178,74198686107399967946,2025-06-02,VA,103,2025-06-02
196.251.87.59,74198686107399967946,2025-06-02,VA,89,2025-06-02
204.76.203.206,74198686107399967946,2025-06-02,VA,253,2025-06-02
204.76.203.212,74198686107399967946,2025-06-02,VA,228,2025-06-02
204.76.203.219,74198686107399967946,2025-06-02,VA,263,2025-06-02
206.189.179.202,74198686107399967946,2025-06-02,VA,46,2025-06-02
217.170.194.54,74198686107399967946,2025-06-02,VA,73,2025-06-02
47.237.115.193,74198686107399967946,2025-06-02,VA,95,2025-06-02
51.158.205.47,74198686107399967946,2025-06-02,VA,155,2025-06-02
64.62.197.145,74198686107399967946,2025-06-02,VA,51,2025-06-02
64.62.197.39,74198686107399967946,2025-06-02,VA,115,2025-06-02
83.222.190.246,74198686107399967946,2025-06-02,VA,58,2025-06-02
87.236.176.117,74198686107399967946,2025-06-02,VA,68,2025-06-02
87.236.176.16,74198686107399967946,2025-06-02,VA,64,2025-06-02
87.236.176.176,74198686107399967946,2025-06-02,VA,66,2025-06-02
87.236.176.51,74198686107399967946,2025-06-02,VA,36,2025-06-02
87.236.176.78,74198686107399967946,2025-06-02,VA,57,2025-06-02
87.236.176.85,74198686107399967946,2025-06-02,VA,56,2025-06-02
87.236.176.93,74198686107399967946,2025-06-02,VA,25,2025-06-02
89.248.163.125,74198686107399967946,2025-06-02,VA,42,2025-06-02
93.123.109.229,74198686107399967946,2025-06-02,VA,267,2025-06-02
93.123.109.230,74198686107399967946,2025-06-02,VA,143,2025-06-02
93.123.109.231,74198686107399967946,2025-06-02,VA,283,2025-06-02
enterpriseb2bwise.com,74198686107399967946,2025-06-02,VA,29,2025-06-02
links.rasa.io,74198686107399967946,2025-06-02,VA,21,2025-06-02
rqipartners.com,74198686107399967946,2025-06-02,VA,87,2025-06-02
uploads-ssl.webflow.com,74198686107399967946,2025-06-02,VA,84,2025-06-02
vtext.com,74198686107399967946,2025-06-02,VA,65,2025-06-02
103.133.107.28,74198686107399967946,2025-06-03,VA,39,2025-06-03
103.147.185.248,74198686107399967946,2025-06-03,VA,41,2025-06-03
103.156.92.159,74198686107399967946,2025-06-03,VA,267,2025-06-03
103.163.118.122,74198686107399967946,2025-06-03,VA,40,2025-06-03
103.194.47.162,74198686107399967946,2025-06-03,VA,82,2025-06-03
104.128.161.233,74198686107399967946,2025-06-03,VA,21,2025-06-03
104.152.52.105,74198686107399967946,2025-06-03,VA,6,2025-06-03
104.152.52.148,74198686107399967946,2025-06-03,VA,11,2025-06-03
104.152.52.155,74198686107399967946,2025-06-03,VA,5,2025-06-03
104.152.52.212,74198686107399967946,2025-06-03,VA,7,2025-06-03
104.152.52.216,74198686107399967946,2025-06-03,VA,4,2025-06-03
104.152.52.225,74198686107399967946,2025-06-03,VA,10,2025-06-03
104.152.52.237,74198686107399967946,2025-06-03,VA,3,2025-06-03
104.156.155.30,74198686107399967946,2025-06-03,VA,107,2025-06-03
104.156.155.31,74198686107399967946,2025-06-03,VA,80,2025-06-03
104.167.221.114,74198686107399967946,2025-06-03,VA,2,2025-06-03
104.18.32.191,74198686107399967946,2025-06-03,VA,37,2025-06-03
104.237.131.164,74198686107399967946,2025-06-03,VA,22,2025-06-03
107.174.224.18,74198686107399967946,2025-06-03,VA,18,2025-06-03
107.189.11.181,74198686107399967946,2025-06-03,VA,65,2025-06-03
118.193.59.10,74198686107399967946,2025-06-03,VA,95,2025-06-03
118.193.72.187,74198686107399967946,2025-06-03,VA,92,2025-06-03
118.26.111.94,74198686107399967946,2025-06-03,VA,19,2025-06-03
141.98.11.82,74198686107399967946,2025-06-03,VA,9,2025-06-03
142.93.13.29,74198686107399967946,2025-06-03,VA,48,2025-06-03
146.70.165.227,74198686107399967946,2025-06-03,VA,1,2025-06-03
148.113.206.49,74198686107399967946,2025-06-03,VA,129,2025-06-03
157.230.162.215,74198686107399967946,2025-06-03,VA,15,2025-06-03
162.241.225.237,74198686107399967946,2025-06-03,VA,17,2025-06-03
165.154.241.153,74198686107399967946,2025-06-03,VA,31,2025-06-03
172.240.108.68,74198686107399967946,2025-06-03,VA,51,2025-06-03
172.98.33.195,74198686107399967946,2025-06-03,VA,28,2025-06-03
176.65.148.234,74198686107399967946,2025-06-03,VA,36,2025-06-03
176.65.148.236,74198686107399967946,2025-06-03,VA,96,2025-06-03
176.65.149.182,74198686107399967946,2025-06-03,VA,91,2025-06-03
179.43.161.218,74198686107399967946,2025-06-03,VA,43,2025-06-03
18.221.137.47,74198686107399967946,2025-06-03,VA,32,2025-06-03
180.214.238.62,74198686107399967946,2025-06-03,VA,47,2025-06-03
183.108.86.173,74198686107399967946,2025-06-03,VA,88,2025-06-03
185.12.59.118,74198686107399967946,2025-06-03,VA,23,2025-06-03
190.202.131.222,74198686107399967946,2025-06-03,VA,12,2025-06-03
192.124.249.112,74198686107399967946,2025-06-03,VA,49,2025-06-03
192.155.84.28,74198686107399967946,2025-06-03,VA,89,2025-06-03
193.163.125.149,74198686107399967946,2025-06-03,VA,99,2025-06-03
193.163.125.153,74198686107399967946,2025-06-03,VA,93,2025-06-03
193.32.162.21,74198686107399967946,2025-06-03,VA,38,2025-06-03
195.3.221.137,74198686107399967946,2025-06-03,VA,54,2025-06-03
196.251.87.59,74198686107399967946,2025-06-03,VA,73,2025-06-03
204.76.203.206,74198686107399967946,2025-06-03,VA,274,2025-06-03
204.76.203.212,74198686107399967946,2025-06-03,VA,234,2025-06-03
204.76.203.219,74198686107399967946,2025-06-03,VA,249,2025-06-03
217.170.194.54,74198686107399967946,2025-06-03,VA,68,2025-06-03
45.142.193.91,74198686107399967946,2025-06-03,VA,67,2025-06-03
45.144.212.126,74198686107399967946,2025-06-03,VA,45,2025-06-03
45.61.169.191,74198686107399967946,2025-06-03,VA,14,2025-06-03
51.158.205.47,74198686107399967946,2025-06-03,VA,169,2025-06-03
64.62.197.145,74198686107399967946,2025-06-03,VA,63,2025-06-03
64.62.197.226,74198686107399967946,2025-06-03,VA,122,2025-06-03
64.62.197.39,74198686107399967946,2025-06-03,VA,125,2025-06-03
74.208.236.241,74198686107399967946,2025-06-03,VA,34,2025-06-03
83.222.190.246,74198686107399967946,2025-06-03,VA,60,2025-06-03
83.222.191.150,74198686107399967946,2025-06-03,VA,29,2025-06-03
83.222.191.94,74198686107399967946,2025-06-03,VA,52,2025-06-03
87.236.176.146,74198686107399967946,2025-06-03,VA,16,2025-06-03
87.236.176.15,74198686107399967946,2025-06-03,VA,25,2025-06-03
87.236.176.16,74198686107399967946,2025-06-03,VA,33,2025-06-03
87.236.176.214,74198686107399967946,2025-06-03,VA,72,2025-06-03
87.236.176.51,74198686107399967946,2025-06-03,VA,57,2025-06-03
93.123.109.230,74198686107399967946,2025-06-03,VA,144,2025-06-03
93.123.109.231,74198686107399967946,2025-06-03,VA,275,2025-06-03
enterpriseb2bwise.com,74198686107399967946,2025-06-03,VA,8,2025-06-03
rqipartners.com,74198686107399967946,2025-06-03,VA,111,2025-06-03
5.188.206.114,74198686107399967946,2025-06-04,VA,41,2025-06-04
83.222.190.246,74198686107399967946,2025-06-04,VA,26,2025-06-04
45.142.193.91,74198686107399967946,2025-06-04,VA,44,2025-06-04
196.251.83.76,74198686107399967946,2025-06-04,VA,45,2025-06-04
196.251.73.96,74198686107399967946,2025-06-04,VA,49,2025-06-04
204.76.203.219,74198686107399967946,2025-06-04,VA,130,2025-06-04
204.76.203.206,74198686107399967946,2025-06-04,VA,124,2025-06-04
204.76.203.212,74198686107399967946,2025-06-04,VA,95,2025-06-04
198.55.98.76,74198686107399967946,2025-06-04,VA,25,2025-06-04
209.141.35.136,74198686107399967946,2025-06-04,VA,22,2025-06-04
148.113.206.49,74198686107399967946,2025-06-04,VA,120,2025-06-04
179.43.161.218,74198686107399967946,2025-06-04,VA,40,2025-06-04
51.158.205.47,74198686107399967946,2025-06-04,VA,54,2025-06-04
107.189.11.181,74198686107399967946,2025-06-04,VA,43,2025-06-04
196.251.70.76,74198686107399967946,2025-06-04,VA,15,2025-06-04
176.65.149.182,74198686107399967946,2025-06-04,VA,39,2025-06-04
83.222.191.94,74198686107399967946,2025-06-04,VA,37,2025-06-04
104.167.221.114,74198686107399967946,2025-06-04,VA,20,2025-06-04
93.123.109.230,74198686107399967946,2025-06-04,VA,63,2025-06-04
93.123.109.231,74198686107399967946,2025-06-04,VA,125,2025-06-04
89.42.231.140,74198686107399967946,2025-06-04,VA,64,2025-06-04
18.221.137.47,74198686107399967946,2025-06-04,VA,16,2025-06-04
47.237.115.193,74198686107399967946,2025-06-04,VA,42,2025-06-04
118.26.111.94,74198686107399967946,2025-06-04,VA,32,2025-06-04
206.189.179.202,74198686107399967946,2025-06-04,VA,18,2025-06-04
195.3.221.137,74198686107399967946,2025-06-04,VA,65,2025-06-04
83.222.191.10,74198686107399967946,2025-06-04,VA,36,2025-06-04
193.174.89.19,74198686107399967946,2025-06-04,VA,2,2025-06-04
157.230.221.156,74198686107399967946,2025-06-04,VA,19,2025-06-04
104.237.131.164,74198686107399967946,2025-06-04,VA,21,2025-06-04
64.62.197.39,74198686107399967946,2025-06-04,VA,53,2025-06-04
64.62.197.43,74198686107399967946,2025-06-04,VA,57,2025-06-04
64.62.197.226,74198686107399967946,2025-06-04,VA,51,2025-06-04
217.170.194.54,74198686107399967946,2025-06-04,VA,31,2025-06-04
104.156.155.31,74198686107399967946,2025-06-04,VA,38,2025-06-04
165.154.241.153,74198686107399967946,2025-06-04,VA,46,2025-06-04
78.189.75.139,74198686107399967946,2025-06-04,VA,1,2025-06-04
104.234.115.167,74198686107399967946,2025-06-04,VA,5,2025-06-04
links.rasa.io,74198686107399967946,2025-06-04,VA,4,2025-06-04
rqipartners.com,74198686107399967946,2025-06-04,VA,30,2025-06-04
180.214.238.62,74198686107399967946,2025-06-04,VA,62,2025-06-04
vtext.com,74198686107399967946,2025-06-04,VA,27,2025-06-04
193.32.162.96,74198686107399967946,2025-06-04,VA,6,2025-06-04
ctrk.klclick2.com,74198686107399967946,2025-06-04,VA,11,2025-06-04
104.152.52.110,74198686107399967946,2025-06-04,VA,14,2025-06-04
87.236.176.51,74198686107399967946,2025-06-04,VA,28,2025-06-04
87.236.176.199,74198686107399967946,2025-06-04,VA,23,2025-06-04
chat.deepseek.com,74198686107399967946,2025-06-04,VA,7,2025-06-04
87.236.176.117,74198686107399967946,2025-06-04,VA,24,2025-06-04
37.19.200.151,74198686107399967946,2025-06-04,VA,17,2025-06-04
clickme.thryv.com,74198686107399967946,2025-06-04,VA,3,2025-06-04
biologyinsights.com,74198686107399967946,2025-06-04,VA,13,2025-06-04
87.236.176.15,74198686107399967946,2025-06-04,VA,10,2025-06-04
176.65.148.236,74198686107399967946,2025-06-04,VA,8,2025-06-04
103.147.185.248,74198686107399967946,2025-06-04,VA,143,2025-06-04
103.194.47.162,74198686107399967946,2025-06-04,VA,83,2025-06-04
104.128.161.233,74198686107399967946,2025-06-04,VA,12,2025-06-04
104.156.155.31,74198686107399967946,2025-06-04,VA,88,2025-06-04
104.167.221.114,74198686107399967946,2025-06-04,VA,29,2025-06-04
104.234.115.167,74198686107399967946,2025-06-04,VA,9,2025-06-04
107.174.224.18,74198686107399967946,2025-06-04,VA,58,2025-06-04
118.193.59.10,74198686107399967946,2025-06-04,VA,71,2025-06-04
118.193.72.187,74198686107399967946,2025-06-04,VA,89,2025-06-04
142.93.13.29,74198686107399967946,2025-06-04,VA,48,2025-06-04
148.113.206.49,74198686107399967946,2025-06-04,VA,276,2025-06-04
162.241.225.237,74198686107399967946,2025-06-04,VA,34,2025-06-04
165.154.241.153,74198686107399967946,2025-06-04,VA,101,2025-06-04
165.154.54.189,74198686107399967946,2025-06-04,VA,81,2025-06-04
176.65.148.236,74198686107399967946,2025-06-04,VA,126,2025-06-04
179.43.161.218,74198686107399967946,2025-06-04,VA,102,2025-06-04
180.214.238.62,74198686107399967946,2025-06-04,VA,137,2025-06-04
192.124.249.112,74198686107399967946,2025-06-04,VA,56,2025-06-04
193.163.125.149,74198686107399967946,2025-06-04,VA,99,2025-06-04
193.163.125.153,74198686107399967946,2025-06-04,VA,103,2025-06-04
195.3.221.137,74198686107399967946,2025-06-04,VA,145,2025-06-04
196.251.69.91,74198686107399967946,2025-06-04,VA,97,2025-06-04
196.251.73.96,74198686107399967946,2025-06-04,VA,93,2025-06-04
204.76.203.206,74198686107399967946,2025-06-04,VA,156,2025-06-04
204.76.203.212,74198686107399967946,2025-06-04,VA,217,2025-06-04
204.76.203.219,74198686107399967946,2025-06-04,VA,288,2025-06-04
37.19.200.151,74198686107399967946,2025-06-04,VA,35,2025-06-04
45.142.193.91,74198686107399967946,2025-06-04,VA,106,2025-06-04
45.144.212.126,74198686107399967946,2025-06-04,VA,73,2025-06-04
47.237.115.193,74198686107399967946,2025-06-04,VA,96,2025-06-04
50.31.156.115,74198686107399967946,2025-06-04,VA,68,2025-06-04
51.158.205.47,74198686107399967946,2025-06-04,VA,144,2025-06-04
64.62.197.145,74198686107399967946,2025-06-04,VA,52,2025-06-04
64.62.197.226,74198686107399967946,2025-06-04,VA,133,2025-06-04
64.62.197.39,74198686107399967946,2025-06-04,VA,117,2025-06-04
64.62.197.43,74198686107399967946,2025-06-04,VA,121,2025-06-04
83.222.190.230,74198686107399967946,2025-06-04,VA,90,2025-06-04
83.222.191.94,74198686107399967946,2025-06-04,VA,77,2025-06-04
87.236.176.16,74198686107399967946,2025-06-04,VA,79,2025-06-04
87.236.176.199,74198686107399967946,2025-06-04,VA,59,2025-06-04
89.42.231.140,74198686107399967946,2025-06-04,VA,136,2025-06-04
93.123.109.230,74198686107399967946,2025-06-04,VA,146,2025-06-04
93.123.109.231,74198686107399967946,2025-06-04,VA,289,2025-06-04
96.126.110.22,74198686107399967946,2025-06-04,VA,50,2025-06-04
rqipartners.com,74198686107399967946,2025-06-04,VA,116,2025-06-04
uploads-ssl.webflow.com,74198686107399967946,2025-06-04,VA,80,2025-06-04
91.191.209.46,74198686107399967946,2025-06-05,VA,21,2025-06-05
5.188.206.114,74198686107399967946,2025-06-05,VA,41,2025-06-05
83.222.191.94,74198686107399967946,2025-06-05,VA,55,2025-06-05
83.222.190.246,74198686107399967946,2025-06-05,VA,26,2025-06-05
45.142.193.91,74198686107399967946,2025-06-05,VA,56,2025-06-05
204.76.203.219,74198686107399967946,2025-06-05,VA,117,2025-06-05
196.251.87.59,74198686107399967946,2025-06-05,VA,59,2025-06-05
204.76.203.212,74198686107399967946,2025-06-05,VA,109,2025-06-05
196.251.83.136,74198686107399967946,2025-06-05,VA,43,2025-06-05
148.113.206.49,74198686107399967946,2025-06-05,VA,129,2025-06-05
204.76.203.206,74198686107399967946,2025-06-05,VA,76,2025-06-05
18.223.104.85,74198686107399967946,2025-06-05,VA,17,2025-06-05
176.65.148.236,74198686107399967946,2025-06-05,VA,89,2025-06-05
18.117.57.162,74198686107399967946,2025-06-05,VA,10,2025-06-05
18.221.137.47,74198686107399967946,2025-06-05,VA,15,2025-06-05
93.123.109.231,74198686107399967946,2025-06-05,VA,123,2025-06-05
93.123.109.230,74198686107399967946,2025-06-05,VA,63,2025-06-05
107.174.224.18,74198686107399967946,2025-06-05,VA,29,2025-06-05
104.234.115.167,74198686107399967946,2025-06-05,VA,16,2025-06-05
195.3.221.137,74198686107399967946,2025-06-05,VA,53,2025-06-05
196.251.72.29,74198686107399967946,2025-06-05,VA,9,2025-06-05
157.230.162.215,74198686107399967946,2025-06-05,VA,20,2025-06-05
165.154.241.153,74198686107399967946,2025-06-05,VA,37,2025-06-05
141.98.11.145,74198686107399967946,2025-06-05,VA,1,2025-06-05
193.163.125.178,74198686107399967946,2025-06-05,VA,44,2025-06-05
193.163.125.149,74198686107399967946,2025-06-05,VA,45,2025-06-05
45.33.120.158,74198686107399967946,2025-06-05,VA,39,2025-06-05
118.26.111.94,74198686107399967946,2025-06-05,VA,31,2025-06-05
165.154.135.215,74198686107399967946,2025-06-05,VA,5,2025-06-05
64.62.197.43,74198686107399967946,2025-06-05,VA,47,2025-06-05
103.194.47.162,74198686107399967946,2025-06-05,VA,33,2025-06-05
211.38.170.163,74198686107399967946,2025-06-05,VA,3,2025-06-05
198.55.98.76,74198686107399967946,2025-06-05,VA,36,2025-06-05
uploads-ssl.webflow.com,74198686107399967946,2025-06-05,VA,32,2025-06-05
78.189.75.139,74198686107399967946,2025-06-05,VA,2,2025-06-05
rqipartners.com,74198686107399967946,2025-06-05,VA,40,2025-06-05
103.147.185.248,74198686107399967946,2025-06-05,VA,57,2025-06-05
ctrk.klclick2.com,74198686107399967946,2025-06-05,VA,8,2025-06-05
biologyinsights.com,74198686107399967946,2025-06-05,VA,14,2025-06-05
87.236.176.176,74198686107399967946,2025-06-05,VA,28,2025-06-05
vtext.com,74198686107399967946,2025-06-05,VA,25,2025-06-05
193.32.162.96,74198686107399967946,2025-06-05,VA,12,2025-06-05
87.236.176.223,74198686107399967946,2025-06-05,VA,35,2025-06-05
87.236.176.117,74198686107399967946,2025-06-05,VA,30,2025-06-05
87.236.176.15,74198686107399967946,2025-06-05,VA,18,2025-06-05
87.236.176.78,74198686107399967946,2025-06-05,VA,24,2025-06-05
37.19.200.151,74198686107399967946,2025-06-05,VA,7,2025-06-05
196.251.73.96,74198686107399967946,2025-06-05,VA,6,2025-06-05
87.236.176.207,74198686107399967946,2025-06-05,VA,13,2025-06-05
87.236.176.39,74198686107399967946,2025-06-05,VA,11,2025-06-05
62.72.14.154,74198686107399967946,2025-06-05,VA,4,2025-06-05
103.194.47.162,74198686107399967946,2025-06-05,VA,75,2025-06-05
104.156.155.31,74198686107399967946,2025-06-05,VA,74,2025-06-05
107.174.224.18,74198686107399967946,2025-06-05,VA,96,2025-06-05
118.193.59.10,74198686107399967946,2025-06-05,VA,19,2025-06-05
141.98.11.145,74198686107399967946,2025-06-05,VA,27,2025-06-05
148.113.206.49,74198686107399967946,2025-06-05,VA,231,2025-06-05
148.153.189.62,74198686107399967946,2025-06-05,VA,46,2025-06-05
162.241.225.237,74198686107399967946,2025-06-05,VA,22,2025-06-05
165.154.135.215,74198686107399967946,2025-06-05,VA,72,2025-06-05
172.240.108.68,74198686107399967946,2025-06-05,VA,51,2025-06-05
176.65.148.234,74198686107399967946,2025-06-05,VA,34,2025-06-05
176.65.148.236,74198686107399967946,2025-06-05,VA,201,2025-06-05
179.43.161.218,74198686107399967946,2025-06-05,VA,73,2025-06-05
18.223.104.85,74198686107399967946,2025-06-05,VA,38,2025-06-05
180.214.238.62,74198686107399967946,2025-06-05,VA,132,2025-06-05
183.108.86.173,74198686107399967946,2025-06-05,VA,95,2025-06-05
185.169.4.150,74198686107399967946,2025-06-05,VA,71,2025-06-05
185.227.152.113,74198686107399967946,2025-06-05,VA,48,2025-06-05
192.155.84.28,74198686107399967946,2025-06-05,VA,93,2025-06-05
193.163.125.149,74198686107399967946,2025-06-05,VA,101,2025-06-05
193.163.125.153,74198686107399967946,2025-06-05,VA,99,2025-06-05
193.163.125.178,74198686107399967946,2025-06-05,VA,98,2025-06-05
193.24.211.30,74198686107399967946,2025-06-05,VA,58,2025-06-05
195.3.221.137,74198686107399967946,2025-06-05,VA,118,2025-06-05
196.251.69.91,74198686107399967946,2025-06-05,VA,97,2025-06-05
196.251.72.29,74198686107399967946,2025-06-05,VA,23,2025-06-05
196.251.83.76,74198686107399967946,2025-06-05,VA,113,2025-06-05
196.251.87.59,74198686107399967946,2025-06-05,VA,115,2025-06-05
198.55.98.76,74198686107399967946,2025-06-05,VA,78,2025-06-05
204.76.203.206,74198686107399967946,2025-06-05,VA,204,2025-06-05
204.76.203.212,74198686107399967946,2025-06-05,VA,249,2025-06-05
204.76.203.219,74198686107399967946,2025-06-05,VA,283,2025-06-05
217.170.194.54,74198686107399967946,2025-06-05,VA,91,2025-06-05
45.142.193.91,74198686107399967946,2025-06-05,VA,120,2025-06-05
45.33.120.158,74198686107399967946,2025-06-05,VA,79,2025-06-05
50.31.156.115,74198686107399967946,2025-06-05,VA,69,2025-06-05
51.158.205.47,74198686107399967946,2025-06-05,VA,147,2025-06-05
64.62.197.226,74198686107399967946,2025-06-05,VA,135,2025-06-05
64.62.197.39,74198686107399967946,2025-06-05,VA,121,2025-06-05
83.222.190.246,74198686107399967946,2025-06-05,VA,61,2025-06-05
83.222.191.94,74198686107399967946,2025-06-05,VA,127,2025-06-05
87.236.176.117,74198686107399967946,2025-06-05,VA,54,2025-06-05
87.236.176.16,74198686107399967946,2025-06-05,VA,60,2025-06-05
87.236.176.176,74198686107399967946,2025-06-05,VA,68,2025-06-05
87.236.176.199,74198686107399967946,2025-06-05,VA,62,2025-06-05
87.236.176.214,74198686107399967946,2025-06-05,VA,70,2025-06-05
93.123.109.230,74198686107399967946,2025-06-05,VA,145,2025-06-05
93.123.109.231,74198686107399967946,2025-06-05,VA,285,2025-06-05
biologyinsights.com,74198686107399967946,2025-06-05,VA,42,2025-06-05
rqipartners.com,74198686107399967946,2025-06-05,VA,130,2025-06-05
103.194.47.162,74198686107399967946,2025-06-06,VA,80,2025-06-06
104.152.52.105,74198686107399967946,2025-06-06,VA,11,2025-06-06
104.152.52.110,74198686107399967946,2025-06-06,VA,34,2025-06-06
104.152.52.139,74198686107399967946,2025-06-06,VA,16,2025-06-06
104.152.52.148,74198686107399967946,2025-06-06,VA,12,2025-06-06
104.152.52.155,74198686107399967946,2025-06-06,VA,18,2025-06-06
104.152.52.212,74198686107399967946,2025-06-06,VA,2,2025-06-06
104.152.52.216,74198686107399967946,2025-06-06,VA,4,2025-06-06
104.152.52.238,74198686107399967946,2025-06-06,VA,10,2025-06-06
104.152.52.239,74198686107399967946,2025-06-06,VA,3,2025-06-06
104.156.155.31,74198686107399967946,2025-06-06,VA,94,2025-06-06
104.18.32.191,74198686107399967946,2025-06-06,VA,19,2025-06-06
104.21.20.66,74198686107399967946,2025-06-06,VA,6,2025-06-06
104.234.115.162,74198686107399967946,2025-06-06,VA,5,2025-06-06
104.234.115.167,74198686107399967946,2025-06-06,VA,7,2025-06-06
104.234.115.77,74198686107399967946,2025-06-06,VA,27,2025-06-06
104.237.131.164,74198686107399967946,2025-06-06,VA,21,2025-06-06
107.174.224.18,74198686107399967946,2025-06-06,VA,78,2025-06-06
118.193.59.10,74198686107399967946,2025-06-06,VA,51,2025-06-06
118.26.111.94,74198686107399967946,2025-06-06,VA,64,2025-06-06
128.14.236.99,74198686107399967946,2025-06-06,VA,1,2025-06-06
137.184.92.222,74198686107399967946,2025-06-06,VA,9,2025-06-06
141.98.11.145,74198686107399967946,2025-06-06,VA,37,2025-06-06
141.98.11.147,74198686107399967946,2025-06-06,VA,205,2025-06-06
146.190.44.66,74198686107399967946,2025-06-06,VA,8,2025-06-06
148.113.206.49,74198686107399967946,2025-06-06,VA,291,2025-06-06
148.153.189.62,74198686107399967946,2025-06-06,VA,30,2025-06-06
157.230.162.215,74198686107399967946,2025-06-06,VA,22,2025-06-06
157.230.221.156,74198686107399967946,2025-06-06,VA,28,2025-06-06
165.154.135.215,74198686107399967946,2025-06-06,VA,146,2025-06-06
165.154.54.189,74198686107399967946,2025-06-06,VA,45,2025-06-06
167.172.245.102,74198686107399967946,2025-06-06,VA,26,2025-06-06
167.99.214.123,74198686107399967946,2025-06-06,VA,13,2025-06-06
172.240.108.68,74198686107399967946,2025-06-06,VA,41,2025-06-06
172.98.33.195,74198686107399967946,2025-06-06,VA,23,2025-06-06
176.65.148.234,74198686107399967946,2025-06-06,VA,139,2025-06-06
176.65.148.236,74198686107399967946,2025-06-06,VA,152,2025-06-06
176.65.148.52,74198686107399967946,2025-06-06,VA,91,2025-06-06
176.65.149.182,74198686107399967946,2025-06-06,VA,119,2025-06-06
179.43.161.218,74198686107399967946,2025-06-06,VA,83,2025-06-06
183.108.86.173,74198686107399967946,2025-06-06,VA,95,2025-06-06
185.227.152.113,74198686107399967946,2025-06-06,VA,48,2025-06-06
192.124.249.112,74198686107399967946,2025-06-06,VA,40,2025-06-06
192.155.84.28,74198686107399967946,2025-06-06,VA,93,2025-06-06
192.200.148.242,74198686107399967946,2025-06-06,VA,24,2025-06-06
193.163.125.149,74198686107399967946,2025-06-06,VA,99,2025-06-06
193.163.125.153,74198686107399967946,2025-06-06,VA,105,2025-06-06
193.24.211.30,74198686107399967946,2025-06-06,VA,33,2025-06-06
195.3.221.137,74198686107399967946,2025-06-06,VA,111,2025-06-06
196.251.72.29,74198686107399967946,2025-06-06,VA,61,2025-06-06
196.251.73.96,74198686107399967946,2025-06-06,VA,97,2025-06-06
196.251.87.59,74198686107399967946,2025-06-06,VA,76,2025-06-06
198.44.129.99,74198686107399967946,2025-06-06,VA,15,2025-06-06
204.76.203.206,74198686107399967946,2025-06-06,VA,315,2025-06-06
204.76.203.212,74198686107399967946,2025-06-06,VA,248,2025-06-06
204.76.203.219,74198686107399967946,2025-06-06,VA,273,2025-06-06
211.38.170.163,74198686107399967946,2025-06-06,VA,67,2025-06-06
45.142.193.91,74198686107399967946,2025-06-06,VA,153,2025-06-06
45.144.212.126,74198686107399967946,2025-06-06,VA,53,2025-06-06
45.33.120.158,74198686107399967946,2025-06-06,VA,47,2025-06-06
47.237.115.193,74198686107399967946,2025-06-06,VA,96,2025-06-06
5.188.206.114,74198686107399967946,2025-06-06,VA,84,2025-06-06
50.31.156.115,74198686107399967946,2025-06-06,VA,50,2025-06-06
51.158.205.47,74198686107399967946,2025-06-06,VA,151,2025-06-06
64.62.197.145,74198686107399967946,2025-06-06,VA,74,2025-06-06
64.62.197.159,74198686107399967946,2025-06-06,VA,71,2025-06-06
64.62.197.226,74198686107399967946,2025-06-06,VA,127,2025-06-06
64.62.197.39,74198686107399967946,2025-06-06,VA,143,2025-06-06
64.62.197.43,74198686107399967946,2025-06-06,VA,129,2025-06-06
80.94.92.92,74198686107399967946,2025-06-06,VA,29,2025-06-06
83.222.191.94,74198686107399967946,2025-06-06,VA,123,2025-06-06
87.236.176.16,74198686107399967946,2025-06-06,VA,70,2025-06-06
87.236.176.51,74198686107399967946,2025-06-06,VA,72,2025-06-06
87.236.176.85,74198686107399967946,2025-06-06,VA,68,2025-06-06
93.123.109.228,74198686107399967946,2025-06-06,VA,79,2025-06-06
93.123.109.230,74198686107399967946,2025-06-06,VA,147,2025-06-06
93.123.109.231,74198686107399967946,2025-06-06,VA,285,2025-06-06
biologyinsights.com,74198686107399967946,2025-06-06,VA,42,2025-06-06
ctrk.klclick2.com,74198686107399967946,2025-06-06,VA,43,2025-06-06
hr-buyerguide.com,74198686107399967946,2025-06-06,VA,54,2025-06-06
links.rasa.io,74198686107399967946,2025-06-06,VA,20,2025-06-06
rqipartners.com,74198686107399967946,2025-06-06,VA,150,2025-06-06
uploads-ssl.webflow.com,74198686107399967946,2025-06-06,VA,90,2025-06-06
vtext.com,74198686107399967946,2025-06-06,VA,56,2025-06-06
103.194.47.162,74198686107399967946,2025-06-07,VA,77,2025-06-07
104.128.161.233,74198686107399967946,2025-06-07,VA,2,2025-06-07
104.152.52.105,74198686107399967946,2025-06-07,VA,8,2025-06-07
104.152.52.110,74198686107399967946,2025-06-07,VA,14,2025-06-07
104.152.52.139,74198686107399967946,2025-06-07,VA,10,2025-06-07
104.152.52.148,74198686107399967946,2025-06-07,VA,11,2025-06-07
104.152.52.155,74198686107399967946,2025-06-07,VA,15,2025-06-07
104.152.52.212,74198686107399967946,2025-06-07,VA,5,2025-06-07
104.152.52.216,74198686107399967946,2025-06-07,VA,9,2025-06-07
104.152.52.225,74198686107399967946,2025-06-07,VA,6,2025-06-07
104.152.52.239,74198686107399967946,2025-06-07,VA,13,2025-06-07
104.156.155.31,74198686107399967946,2025-06-07,VA,102,2025-06-07
104.18.32.191,74198686107399967946,2025-06-07,VA,1,2025-06-07
104.234.115.77,74198686107399967946,2025-06-07,VA,38,2025-06-07
104.237.131.164,74198686107399967946,2025-06-07,VA,49,2025-06-07
107.174.224.18,74198686107399967946,2025-06-07,VA,56,2025-06-07
118.193.59.10,74198686107399967946,2025-06-07,VA,43,2025-06-07
118.26.111.94,74198686107399967946,2025-06-07,VA,72,2025-06-07
141.98.11.145,74198686107399967946,2025-06-07,VA,89,2025-06-07
141.98.11.147,74198686107399967946,2025-06-07,VA,121,2025-06-07
148.113.206.49,74198686107399967946,2025-06-07,VA,326,2025-06-07
150.107.38.40,74198686107399967946,2025-06-07,VA,40,2025-06-07
157.230.162.215,74198686107399967946,2025-06-07,VA,55,2025-06-07
157.230.221.156,74198686107399967946,2025-06-07,VA,50,2025-06-07
165.154.135.215,74198686107399967946,2025-06-07,VA,173,2025-06-07
169.150.227.205,74198686107399967946,2025-06-07,VA,4,2025-06-07
169.150.227.230,74198686107399967946,2025-06-07,VA,3,2025-06-07
172.240.108.68,74198686107399967946,2025-06-07,VA,31,2025-06-07
172.98.33.195,74198686107399967946,2025-06-07,VA,27,2025-06-07
176.65.148.234,74198686107399967946,2025-06-07,VA,122,2025-06-07
176.65.148.236,74198686107399967946,2025-06-07,VA,129,2025-06-07
176.65.148.250,74198686107399967946,2025-06-07,VA,204,2025-06-07
176.65.149.182,74198686107399967946,2025-06-07,VA,124,2025-06-07
178.249.214.3,74198686107399967946,2025-06-07,VA,12,2025-06-07
18.117.57.162,74198686107399967946,2025-06-07,VA,44,2025-06-07
18.221.137.47,74198686107399967946,2025-06-07,VA,42,2025-06-07
18.223.104.85,74198686107399967946,2025-06-07,VA,22,2025-06-07
183.108.86.173,74198686107399967946,2025-06-07,VA,97,2025-06-07
190.128.56.12,74198686107399967946,2025-06-07,VA,7,2025-06-07
192.155.84.28,74198686107399967946,2025-06-07,VA,99,2025-06-07
193.163.125.149,74198686107399967946,2025-06-07,VA,103,2025-06-07
193.24.211.30,74198686107399967946,2025-06-07,VA,30,2025-06-07
195.3.221.137,74198686107399967946,2025-06-07,VA,26,2025-06-07
196.251.115.46,74198686107399967946,2025-06-07,VA,28,2025-06-07
196.251.73.96,74198686107399967946,2025-06-07,VA,18,2025-06-07
196.251.84.199,74198686107399967946,2025-06-07,VA,17,2025-06-07
204.76.203.206,74198686107399967946,2025-06-07,VA,259,2025-06-07
204.76.203.212,74198686107399967946,2025-06-07,VA,243,2025-06-07
209.141.35.136,74198686107399967946,2025-06-07,VA,51,2025-06-07
217.170.194.54,74198686107399967946,2025-06-07,VA,91,2025-06-07
37.19.210.2,74198686107399967946,2025-06-07,VA,59,2025-06-07
45.142.193.91,74198686107399967946,2025-06-07,VA,139,2025-06-07
45.144.212.126,74198686107399967946,2025-06-07,VA,52,2025-06-07
51.158.205.47,74198686107399967946,2025-06-07,VA,152,2025-06-07
64.62.197.145,74198686107399967946,2025-06-07,VA,62,2025-06-07
64.62.197.159,74198686107399967946,2025-06-07,VA,73,2025-06-07
64.62.197.226,74198686107399967946,2025-06-07,VA,123,2025-06-07
64.62.197.39,74198686107399967946,2025-06-07,VA,151,2025-06-07
83.222.190.246,74198686107399967946,2025-06-07,VA,67,2025-06-07
83.222.191.94,74198686107399967946,2025-06-07,VA,79,2025-06-07
87.236.176.117,74198686107399967946,2025-06-07,VA,60,2025-06-07
87.236.176.16,74198686107399967946,2025-06-07,VA,71,2025-06-07
87.236.176.176,74198686107399967946,2025-06-07,VA,83,2025-06-07
87.236.176.223,74198686107399967946,2025-06-07,VA,109,2025-06-07
87.236.176.51,74198686107399967946,2025-06-07,VA,65,2025-06-07
87.236.176.53,74198686107399967946,2025-06-07,VA,29,2025-06-07
87.236.176.85,74198686107399967946,2025-06-07,VA,92,2025-06-07
87.236.176.93,74198686107399967946,2025-06-07,VA,46,2025-06-07
93.123.109.230,74198686107399967946,2025-06-07,VA,150,2025-06-07
93.123.109.231,74198686107399967946,2025-06-07,VA,291,2025-06-07
biologyinsights.com,74198686107399967946,2025-06-07,VA,19,2025-06-07
rqipartners.com,74198686107399967946,2025-06-07,VA,58,2025-06-07
uploads-ssl.webflow.com,74198686107399967946,2025-06-07,VA,66,2025-06-07
103.194.47.162,74198686107399967946,2025-06-08,VA,87,2025-06-08
104.152.52.105,74198686107399967946,2025-06-08,VA,8,2025-06-08
104.152.52.110,74198686107399967946,2025-06-08,VA,19,2025-06-08
104.152.52.139,74198686107399967946,2025-06-08,VA,10,2025-06-08
104.152.52.148,74198686107399967946,2025-06-08,VA,4,2025-06-08
104.152.52.212,74198686107399967946,2025-06-08,VA,9,2025-06-08
104.152.52.216,74198686107399967946,2025-06-08,VA,5,2025-06-08
104.152.52.225,74198686107399967946,2025-06-08,VA,7,2025-06-08
104.152.52.238,74198686107399967946,2025-06-08,VA,18,2025-06-08
104.152.52.242,74198686107399967946,2025-06-08,VA,11,2025-06-08
104.156.155.31,74198686107399967946,2025-06-08,VA,96,2025-06-08
104.156.155.35,74198686107399967946,2025-06-08,VA,12,2025-06-08
104.234.115.162,74198686107399967946,2025-06-08,VA,6,2025-06-08
104.237.131.164,74198686107399967946,2025-06-08,VA,47,2025-06-08
107.174.224.18,74198686107399967946,2025-06-08,VA,57,2025-06-08
107.189.11.181,74198686107399967946,2025-06-08,VA,16,2025-06-08
118.193.59.10,74198686107399967946,2025-06-08,VA,3,2025-06-08
118.26.111.94,74198686107399967946,2025-06-08,VA,82,2025-06-08
128.14.236.99,74198686107399967946,2025-06-08,VA,2,2025-06-08
141.98.11.145,74198686107399967946,2025-06-08,VA,99,2025-06-08
141.98.11.147,74198686107399967946,2025-06-08,VA,143,2025-06-08
148.113.206.49,74198686107399967946,2025-06-08,VA,327,2025-06-08
148.153.189.62,74198686107399967946,2025-06-08,VA,29,2025-06-08
150.107.38.40,74198686107399967946,2025-06-08,VA,65,2025-06-08
157.230.162.215,74198686107399967946,2025-06-08,VA,40,2025-06-08
157.230.221.156,74198686107399967946,2025-06-08,VA,45,2025-06-08
165.154.135.215,74198686107399967946,2025-06-08,VA,170,2025-06-08
165.154.54.189,74198686107399967946,2025-06-08,VA,48,2025-06-08
169.150.203.29,74198686107399967946,2025-06-08,VA,1,2025-06-08
172.240.108.68,74198686107399967946,2025-06-08,VA,26,2025-06-08
172.98.33.195,74198686107399967946,2025-06-08,VA,14,2025-06-08
176.65.148.236,74198686107399967946,2025-06-08,VA,71,2025-06-08
176.65.148.250,74198686107399967946,2025-06-08,VA,289,2025-06-08
176.65.149.182,74198686107399967946,2025-06-08,VA,100,2025-06-08
18.221.137.47,74198686107399967946,2025-06-08,VA,39,2025-06-08
183.108.86.173,74198686107399967946,2025-06-08,VA,95,2025-06-08
185.169.4.150,74198686107399967946,2025-06-08,VA,175,2025-06-08
192.155.84.28,74198686107399967946,2025-06-08,VA,91,2025-06-08
193.163.125.153,74198686107399967946,2025-06-08,VA,103,2025-06-08
193.163.125.178,74198686107399967946,2025-06-08,VA,109,2025-06-08
195.3.221.137,74198686107399967946,2025-06-08,VA,141,2025-06-08
196.251.72.29,74198686107399967946,2025-06-08,VA,30,2025-06-08
196.251.73.140,74198686107399967946,2025-06-08,VA,24,2025-06-08
196.251.73.96,74198686107399967946,2025-06-08,VA,41,2025-06-08
196.251.83.222,74198686107399967946,2025-06-08,VA,31,2025-06-08
196.251.84.199,74198686107399967946,2025-06-08,VA,51,2025-06-08
198.55.98.76,74198686107399967946,2025-06-08,VA,97,2025-06-08
204.76.203.206,74198686107399967946,2025-06-08,VA,62,2025-06-08
204.76.203.212,74198686107399967946,2025-06-08,VA,276,2025-06-08
206.189.179.202,74198686107399967946,2025-06-08,VA,79,2025-06-08
209.141.35.136,74198686107399967946,2025-06-08,VA,53,2025-06-08
211.38.170.163,74198686107399967946,2025-06-08,VA,46,2025-06-08
217.170.194.54,74198686107399967946,2025-06-08,VA,85,2025-06-08
45.142.193.91,74198686107399967946,2025-06-08,VA,137,2025-06-08
45.33.120.158,74198686107399967946,2025-06-08,VA,93,2025-06-08
51.158.205.47,74198686107399967946,2025-06-08,VA,147,2025-06-08
64.32.17.130,74198686107399967946,2025-06-08,VA,15,2025-06-08
64.62.197.145,74198686107399967946,2025-06-08,VA,60,2025-06-08
64.62.197.226,74198686107399967946,2025-06-08,VA,145,2025-06-08
64.62.197.39,74198686107399967946,2025-06-08,VA,113,2025-06-08
64.62.197.43,74198686107399967946,2025-06-08,VA,125,2025-06-08
83.222.190.246,74198686107399967946,2025-06-08,VA,67,2025-06-08
83.222.191.94,74198686107399967946,2025-06-08,VA,142,2025-06-08
87.236.176.117,74198686107399967946,2025-06-08,VA,88,2025-06-08
87.236.176.146,74198686107399967946,2025-06-08,VA,43,2025-06-08
87.236.176.15,74198686107399967946,2025-06-08,VA,38,2025-06-08
87.236.176.16,74198686107399967946,2025-06-08,VA,75,2025-06-08
87.236.176.176,74198686107399967946,2025-06-08,VA,76,2025-06-08
87.236.176.199,74198686107399967946,2025-06-08,VA,54,2025-06-08
87.236.176.214,74198686107399967946,2025-06-08,VA,74,2025-06-08
87.236.176.223,74198686107399967946,2025-06-08,VA,70,2025-06-08
87.236.176.39,74198686107399967946,2025-06-08,VA,37,2025-06-08
87.236.176.51,74198686107399967946,2025-06-08,VA,56,2025-06-08
87.236.176.85,74198686107399967946,2025-06-08,VA,66,2025-06-08
87.236.176.93,74198686107399967946,2025-06-08,VA,35,2025-06-08
93.123.109.230,74198686107399967946,2025-06-08,VA,144,2025-06-08
93.123.109.231,74198686107399967946,2025-06-08,VA,287,2025-06-08
biologyinsights.com,74198686107399967946,2025-06-08,VA,17,2025-06-08
omnicell.com,74198686107399967946,2025-06-08,VA,34,2025-06-08
rqipartners.com,74198686107399967946,2025-06-08,VA,90,2025-06-08
vtext.com,74198686107399967946,2025-06-08,VA,55,2025-06-08
78.128.113.190,74198686107399967946,2025-06-09,VA,37,2025-06-09
83.222.191.94,74198686107399967946,2025-06-09,VA,66,2025-06-09
45.142.193.91,74198686107399967946,2025-06-09,VA,64,2025-06-09
83.222.190.246,74198686107399967946,2025-06-09,VA,22,2025-06-09
83.222.191.10,74198686107399967946,2025-06-09,VA,33,2025-06-09
83.222.190.230,74198686107399967946,2025-06-09,VA,31,2025-06-09
204.76.203.212,74198686107399967946,2025-06-09,VA,113,2025-06-09
209.141.35.136,74198686107399967946,2025-06-09,VA,19,2025-06-09
204.76.203.208,74198686107399967946,2025-06-09,VA,58,2025-06-09
148.113.206.49,74198686107399967946,2025-06-09,VA,131,2025-06-09
196.251.87.59,74198686107399967946,2025-06-09,VA,41,2025-06-09
176.65.149.182,74198686107399967946,2025-06-09,VA,39,2025-06-09
204.76.203.206,74198686107399967946,2025-06-09,VA,127,2025-06-09
141.98.11.145,74198686107399967946,2025-06-09,VA,45,2025-06-09
51.158.205.47,74198686107399967946,2025-06-09,VA,61,2025-06-09
196.251.72.29,74198686107399967946,2025-06-09,VA,38,2025-06-09
18.117.57.162,74198686107399967946,2025-06-09,VA,17,2025-06-09
18.221.137.47,74198686107399967946,2025-06-09,VA,15,2025-06-09
18.223.104.85,74198686107399967946,2025-06-09,VA,13,2025-06-09
141.98.11.147,74198686107399967946,2025-06-09,VA,70,2025-06-09
107.174.224.18,74198686107399967946,2025-06-09,VA,20,2025-06-09
196.251.70.28,74198686107399967946,2025-06-09,VA,18,2025-06-09
185.169.4.150,74198686107399967946,2025-06-09,VA,87,2025-06-09
176.65.148.250,74198686107399967946,2025-06-09,VA,73,2025-06-09
176.65.148.236,74198686107399967946,2025-06-09,VA,92,2025-06-09
118.193.59.10,74198686107399967946,2025-06-09,VA,2,2025-06-09
64.62.197.39,74198686107399967946,2025-06-09,VA,49,2025-06-09
64.62.197.43,74198686107399967946,2025-06-09,VA,47,2025-06-09
193.163.125.178,74198686107399967946,2025-06-09,VA,42,2025-06-09
165.154.135.215,74198686107399967946,2025-06-09,VA,67,2025-06-09
118.26.111.94,74198686107399967946,2025-06-09,VA,21,2025-06-09
165.154.54.189,74198686107399967946,2025-06-09,VA,12,2025-06-09
64.62.197.145,74198686107399967946,2025-06-09,VA,23,2025-06-09
45.33.120.158,74198686107399967946,2025-06-09,VA,3,2025-06-09
64.62.197.226,74198686107399967946,2025-06-09,VA,51,2025-06-09
103.194.47.162,74198686107399967946,2025-06-09,VA,35,2025-06-09
193.24.211.30,74198686107399967946,2025-06-09,VA,8,2025-06-09
rqipartners.com,74198686107399967946,2025-06-09,VA,30,2025-06-09
198.55.98.76,74198686107399967946,2025-06-09,VA,46,2025-06-09
104.234.115.77,74198686107399967946,2025-06-09,VA,1,2025-06-09
104.234.115.162,74198686107399967946,2025-06-09,VA,4,2025-06-09
uploads-ssl.webflow.com,74198686107399967946,2025-06-09,VA,28,2025-06-09
172.240.108.68,74198686107399967946,2025-06-09,VA,7,2025-06-09
89.221.203.77,74198686107399967946,2025-06-09,VA,16,2025-06-09
link.mail.beehiiv.com,74198686107399967946,2025-06-09,VA,9,2025-06-09
87.236.176.223,74198686107399967946,2025-06-09,VA,36,2025-06-09
87.236.176.51,74198686107399967946,2025-06-09,VA,26,2025-06-09
hr-buyerguide.com,74198686107399967946,2025-06-09,VA,27,2025-06-09
87.236.176.214,74198686107399967946,2025-06-09,VA,24,2025-06-09
104.152.52.139,74198686107399967946,2025-06-09,VA,6,2025-06-09
87.236.176.15,74198686107399967946,2025-06-09,VA,11,2025-06-09
37.19.210.2,74198686107399967946,2025-06-09,VA,14,2025-06-09
104.152.52.110,74198686107399967946,2025-06-09,VA,10,2025-06-09
103.194.47.162,74198686107399967946,2025-06-09,VA,85,2025-06-09
104.21.20.66,74198686107399967946,2025-06-09,VA,5,2025-06-09
107.174.224.18,74198686107399967946,2025-06-09,VA,50,2025-06-09
141.98.11.145,74198686107399967946,2025-06-09,VA,79,2025-06-09
141.98.11.147,74198686107399967946,2025-06-09,VA,184,2025-06-09
148.113.206.49,74198686107399967946,2025-06-09,VA,307,2025-06-09
165.154.135.215,74198686107399967946,2025-06-09,VA,151,2025-06-09
165.154.54.189,74198686107399967946,2025-06-09,VA,48,2025-06-09
176.65.149.182,74198686107399967946,2025-06-09,VA,95,2025-06-09
183.108.86.173,74198686107399967946,2025-06-09,VA,91,2025-06-09
185.169.4.150,74198686107399967946,2025-06-09,VA,147,2025-06-09
192.155.84.28,74198686107399967946,2025-06-09,VA,54,2025-06-09
193.163.125.149,74198686107399967946,2025-06-09,VA,97,2025-06-09
193.163.125.178,74198686107399967946,2025-06-09,VA,96,2025-06-09
193.163.125.191,74198686107399967946,2025-06-09,VA,93,2025-06-09
193.32.162.21,74198686107399967946,2025-06-09,VA,53,2025-06-09
195.3.221.137,74198686107399967946,2025-06-09,VA,111,2025-06-09
196.251.73.96,74198686107399967946,2025-06-09,VA,25,2025-06-09
196.251.87.59,74198686107399967946,2025-06-09,VA,123,2025-06-09
198.55.98.76,74198686107399967946,2025-06-09,VA,122,2025-06-09
204.76.203.206,74198686107399967946,2025-06-09,VA,287,2025-06-09
204.76.203.208,74198686107399967946,2025-06-09,VA,205,2025-06-09
204.76.203.212,74198686107399967946,2025-06-09,VA,279,2025-06-09
204.76.203.219,74198686107399967946,2025-06-09,VA,62,2025-06-09
45.142.193.91,74198686107399967946,2025-06-09,VA,156,2025-06-09
45.33.120.158,74198686107399967946,2025-06-09,VA,55,2025-06-09
51.158.205.47,74198686107399967946,2025-06-09,VA,149,2025-06-09
64.62.197.226,74198686107399967946,2025-06-09,VA,121,2025-06-09
83.222.190.234,74198686107399967946,2025-06-09,VA,75,2025-06-09
83.222.190.246,74198686107399967946,2025-06-09,VA,81,2025-06-09
83.222.191.94,74198686107399967946,2025-06-09,VA,146,2025-06-09
87.236.176.117,74198686107399967946,2025-06-09,VA,83,2025-06-09
87.236.176.15,74198686107399967946,2025-06-09,VA,40,2025-06-09
87.236.176.176,74198686107399967946,2025-06-09,VA,59,2025-06-09
87.236.176.199,74198686107399967946,2025-06-09,VA,72,2025-06-09
87.236.176.223,74198686107399967946,2025-06-09,VA,82,2025-06-09
87.236.176.85,74198686107399967946,2025-06-09,VA,52,2025-06-09
89.42.231.140,74198686107399967946,2025-06-09,VA,71,2025-06-09
93.123.109.230,74198686107399967946,2025-06-09,VA,140,2025-06-09
93.123.109.231,74198686107399967946,2025-06-09,VA,275,2025-06-09
hr-buyerguide.com,74198686107399967946,2025-06-09,VA,32,2025-06-09
uploads-ssl.webflow.com,74198686107399967946,2025-06-09,VA,88,2025-06-09
103.194.47.162,74198686107399967946,2025-06-10,VA,87,2025-06-10
103.207.37.51,74198686107399967946,2025-06-10,VA,4,2025-06-10
104.128.161.233,74198686107399967946,2025-06-10,VA,2,2025-06-10
104.152.52.105,74198686107399967946,2025-06-10,VA,7,2025-06-10
104.152.52.110,74198686107399967946,2025-06-10,VA,14,2025-06-10
104.152.52.139,74198686107399967946,2025-06-10,VA,18,2025-06-10
104.152.52.148,74198686107399967946,2025-06-10,VA,13,2025-06-10
104.152.52.212,74198686107399967946,2025-06-10,VA,16,2025-06-10
104.152.52.216,74198686107399967946,2025-06-10,VA,15,2025-06-10
104.152.52.225,74198686107399967946,2025-06-10,VA,27,2025-06-10
104.152.52.237,74198686107399967946,2025-06-10,VA,17,2025-06-10
104.152.52.238,74198686107399967946,2025-06-10,VA,23,2025-06-10
104.152.52.239,74198686107399967946,2025-06-10,VA,20,2025-06-10
104.156.155.31,74198686107399967946,2025-06-10,VA,69,2025-06-10
104.167.221.114,74198686107399967946,2025-06-10,VA,151,2025-06-10
104.21.3.76,74198686107399967946,2025-06-10,VA,5,2025-06-10
104.237.131.164,74198686107399967946,2025-06-10,VA,35,2025-06-10
104.244.79.50,74198686107399967946,2025-06-10,VA,9,2025-06-10
107.174.224.18,74198686107399967946,2025-06-10,VA,71,2025-06-10
118.193.59.10,74198686107399967946,2025-06-10,VA,19,2025-06-10
118.26.111.94,74198686107399967946,2025-06-10,VA,65,2025-06-10
139.59.136.192,74198686107399967946,2025-06-10,VA,8,2025-06-10
141.98.11.147,74198686107399967946,2025-06-10,VA,207,2025-06-10
146.70.211.67,74198686107399967946,2025-06-10,VA,6,2025-06-10
146.70.45.166,74198686107399967946,2025-06-10,VA,42,2025-06-10
148.113.206.49,74198686107399967946,2025-06-10,VA,307,2025-06-10
150.107.38.40,74198686107399967946,2025-06-10,VA,63,2025-06-10
154.47.30.137,74198686107399967946,2025-06-10,VA,1,2025-06-10
157.230.162.215,74198686107399967946,2025-06-10,VA,28,2025-06-10
157.230.221.156,74198686107399967946,2025-06-10,VA,36,2025-06-10
165.154.135.215,74198686107399967946,2025-06-10,VA,152,2025-06-10
165.154.54.189,74198686107399967946,2025-06-10,VA,44,2025-06-10
169.150.227.230,74198686107399967946,2025-06-10,VA,3,2025-06-10
172.240.108.68,74198686107399967946,2025-06-10,VA,46,2025-06-10
172.98.33.195,74198686107399967946,2025-06-10,VA,33,2025-06-10
176.65.148.234,74198686107399967946,2025-06-10,VA,75,2025-06-10
176.65.148.236,74198686107399967946,2025-06-10,VA,90,2025-06-10
176.65.149.182,74198686107399967946,2025-06-10,VA,97,2025-06-10
18.117.57.162,74198686107399967946,2025-06-10,VA,32,2025-06-10
183.108.86.173,74198686107399967946,2025-06-10,VA,77,2025-06-10
185.169.4.150,74198686107399967946,2025-06-10,VA,85,2025-06-10
185.227.152.113,74198686107399967946,2025-06-10,VA,48,2025-06-10
188.166.106.38,74198686107399967946,2025-06-10,VA,38,2025-06-10
190.128.56.12,74198686107399967946,2025-06-10,VA,25,2025-06-10
192.124.249.112,74198686107399967946,2025-06-10,VA,55,2025-06-10
193.163.125.103,74198686107399967946,2025-06-10,VA,95,2025-06-10
193.163.125.149,74198686107399967946,2025-06-10,VA,107,2025-06-10
193.163.125.153,74198686107399967946,2025-06-10,VA,99,2025-06-10
193.24.211.30,74198686107399967946,2025-06-10,VA,62,2025-06-10
193.32.162.21,74198686107399967946,2025-06-10,VA,51,2025-06-10
195.3.221.137,74198686107399967946,2025-06-10,VA,115,2025-06-10
196.251.70.216,74198686107399967946,2025-06-10,VA,31,2025-06-10
196.251.87.59,74198686107399967946,2025-06-10,VA,144,2025-06-10
204.76.203.206,74198686107399967946,2025-06-10,VA,299,2025-06-10
204.76.203.208,74198686107399967946,2025-06-10,VA,280,2025-06-10
204.76.203.212,74198686107399967946,2025-06-10,VA,254,2025-06-10
204.76.203.219,74198686107399967946,2025-06-10,VA,258,2025-06-10
213.209.143.38,74198686107399967946,2025-06-10,VA,22,2025-06-10
45.135.57.192,74198686107399967946,2025-06-10,VA,78,2025-06-10
45.142.193.91,74198686107399967946,2025-06-10,VA,131,2025-06-10
45.33.120.158,74198686107399967946,2025-06-10,VA,61,2025-06-10
45.80.158.167,74198686107399967946,2025-06-10,VA,12,2025-06-10
47.237.115.193,74198686107399967946,2025-06-10,VA,96,2025-06-10
50.31.156.115,74198686107399967946,2025-06-10,VA,57,2025-06-10
51.158.205.47,74198686107399967946,2025-06-10,VA,153,2025-06-10
64.62.197.145,74198686107399967946,2025-06-10,VA,67,2025-06-10
64.62.197.226,74198686107399967946,2025-06-10,VA,123,2025-06-10
64.62.197.39,74198686107399967946,2025-06-10,VA,119,2025-06-10
64.62.197.43,74198686107399967946,2025-06-10,VA,125,2025-06-10
83.222.191.150,74198686107399967946,2025-06-10,VA,47,2025-06-10
83.222.191.94,74198686107399967946,2025-06-10,VA,79,2025-06-10
87.236.176.15,74198686107399967946,2025-06-10,VA,41,2025-06-10
87.236.176.16,74198686107399967946,2025-06-10,VA,60,2025-06-10
87.236.176.176,74198686107399967946,2025-06-10,VA,82,2025-06-10
87.236.176.207,74198686107399967946,2025-06-10,VA,37,2025-06-10
87.236.176.51,74198686107399967946,2025-06-10,VA,74,2025-06-10
87.236.176.53,74198686107399967946,2025-06-10,VA,30,2025-06-10
87.236.176.78,74198686107399967946,2025-06-10,VA,80,2025-06-10
87.236.176.85,74198686107399967946,2025-06-10,VA,70,2025-06-10
87.236.176.93,74198686107399967946,2025-06-10,VA,34,2025-06-10
89.221.203.77,74198686107399967946,2025-06-10,VA,26,2025-06-10
91.191.209.218,74198686107399967946,2025-06-10,VA,58,2025-06-10
93.123.109.230,74198686107399967946,2025-06-10,VA,146,2025-06-10
93.123.109.231,74198686107399967946,2025-06-10,VA,285,2025-06-10
biologyinsights.com,74198686107399967946,2025-06-10,VA,45,2025-06-10
ctrk.klclick2.com,74198686107399967946,2025-06-10,VA,50,2025-06-10
link.mail.beehiiv.com,74198686107399967946,2025-06-10,VA,56,2025-06-10
omnicell.com,74198686107399967946,2025-06-10,VA,40,2025-06-10
rqipartners.com,74198686107399967946,2025-06-10,VA,102,2025-06-10
www.sthda.com,74198686107399967946,2025-06-10,VA,21,2025-06-10
103.194.47.162,74198686107399967946,2025-06-11,VA,83,2025-06-11
103.207.37.51,74198686107399967946,2025-06-11,VA,58,2025-06-11
104.152.52.105,74198686107399967946,2025-06-11,VA,4,2025-06-11
104.152.52.110,74198686107399967946,2025-06-11,VA,15,2025-06-11
104.152.52.139,74198686107399967946,2025-06-11,VA,9,2025-06-11
104.152.52.148,74198686107399967946,2025-06-11,VA,11,2025-06-11
104.152.52.155,74198686107399967946,2025-06-11,VA,3,2025-06-11
104.152.52.212,74198686107399967946,2025-06-11,VA,6,2025-06-11
104.152.52.216,74198686107399967946,2025-06-11,VA,8,2025-06-11
104.152.52.225,74198686107399967946,2025-06-11,VA,5,2025-06-11
104.152.52.238,74198686107399967946,2025-06-11,VA,1,2025-06-11
104.156.155.31,74198686107399967946,2025-06-11,VA,148,2025-06-11
104.156.155.35,74198686107399967946,2025-06-11,VA,18,2025-06-11
104.167.221.114,74198686107399967946,2025-06-11,VA,36,2025-06-11
104.18.32.191,74198686107399967946,2025-06-11,VA,19,2025-06-11
104.234.115.162,74198686107399967946,2025-06-11,VA,12,2025-06-11
107.174.224.18,74198686107399967946,2025-06-11,VA,61,2025-06-11
118.193.59.10,74198686107399967946,2025-06-11,VA,14,2025-06-11
118.26.111.94,74198686107399967946,2025-06-11,VA,57,2025-06-11
141.98.11.128,74198686107399967946,2025-06-11,VA,50,2025-06-11
141.98.11.147,74198686107399967946,2025-06-11,VA,175,2025-06-11
146.70.117.210,74198686107399967946,2025-06-11,VA,2,2025-06-11
146.70.45.166,74198686107399967946,2025-06-11,VA,21,2025-06-11
148.113.206.49,74198686107399967946,2025-06-11,VA,293,2025-06-11
148.153.189.62,74198686107399967946,2025-06-11,VA,32,2025-06-11
150.107.38.40,74198686107399967946,2025-06-11,VA,67,2025-06-11
157.230.162.215,74198686107399967946,2025-06-11,VA,22,2025-06-11
162.241.225.237,74198686107399967946,2025-06-11,VA,28,2025-06-11
165.154.135.215,74198686107399967946,2025-06-11,VA,145,2025-06-11
165.154.54.189,74198686107399967946,2025-06-11,VA,35,2025-06-11
172.240.108.68,74198686107399967946,2025-06-11,VA,47,2025-06-11
176.65.148.234,74198686107399967946,2025-06-11,VA,79,2025-06-11
176.65.148.236,74198686107399967946,2025-06-11,VA,165,2025-06-11
176.65.149.182,74198686107399967946,2025-06-11,VA,111,2025-06-11
18.117.57.162,74198686107399967946,2025-06-11,VA,31,2025-06-11
18.221.137.47,74198686107399967946,2025-06-11,VA,30,2025-06-11
18.223.104.85,74198686107399967946,2025-06-11,VA,27,2025-06-11
183.108.86.173,74198686107399967946,2025-06-11,VA,95,2025-06-11
185.12.59.118,74198686107399967946,2025-06-11,VA,140,2025-06-11
185.169.4.150,74198686107399967946,2025-06-11,VA,101,2025-06-11
188.166.106.38,74198686107399967946,2025-06-11,VA,48,2025-06-11
190.128.56.12,74198686107399967946,2025-06-11,VA,13,2025-06-11
192.155.84.28,74198686107399967946,2025-06-11,VA,29,2025-06-11
193.163.125.149,74198686107399967946,2025-06-11,VA,100,2025-06-11
193.163.125.153,74198686107399967946,2025-06-11,VA,103,2025-06-11
193.163.125.178,74198686107399967946,2025-06-11,VA,99,2025-06-11
193.24.211.30,74198686107399967946,2025-06-11,VA,39,2025-06-11
193.32.162.21,74198686107399967946,2025-06-11,VA,66,2025-06-11
195.3.221.137,74198686107399967946,2025-06-11,VA,51,2025-06-11
196.251.115.46,74198686107399967946,2025-06-11,VA,56,2025-06-11
196.251.72.29,74198686107399967946,2025-06-11,VA,70,2025-06-11
196.251.83.222,74198686107399967946,2025-06-11,VA,38,2025-06-11
196.251.84.199,74198686107399967946,2025-06-11,VA,40,2025-06-11
196.251.87.59,74198686107399967946,2025-06-11,VA,141,2025-06-11
198.38.84.58,74198686107399967946,2025-06-11,VA,7,2025-06-11
198.55.98.76,74198686107399967946,2025-06-11,VA,59,2025-06-11
204.76.203.206,74198686107399967946,2025-06-11,VA,313,2025-06-11
206.189.179.202,74198686107399967946,2025-06-11,VA,23,2025-06-11
211.38.170.163,74198686107399967946,2025-06-11,VA,89,2025-06-11
213.209.143.38,74198686107399967946,2025-06-11,VA,10,2025-06-11
217.170.194.54,74198686107399967946,2025-06-11,VA,87,2025-06-11
45.142.193.91,74198686107399967946,2025-06-11,VA,131,2025-06-11
47.237.115.193,74198686107399967946,2025-06-11,VA,96,2025-06-11
5.188.206.46,74198686107399967946,2025-06-11,VA,26,2025-06-11
50.31.156.115,74198686107399967946,2025-06-11,VA,60,2025-06-11
51.158.205.47,74198686107399967946,2025-06-11,VA,153,2025-06-11
64.62.197.145,74198686107399967946,2025-06-11,VA,62,2025-06-11
64.62.197.226,74198686107399967946,2025-06-11,VA,135,2025-06-11
64.62.197.39,74198686107399967946,2025-06-11,VA,115,2025-06-11
64.62.197.43,74198686107399967946,2025-06-11,VA,123,2025-06-11
67.205.179.98,74198686107399967946,2025-06-11,VA,41,2025-06-11
83.222.190.246,74198686107399967946,2025-06-11,VA,88,2025-06-11
83.222.191.94,74198686107399967946,2025-06-11,VA,137,2025-06-11
87.236.176.117,74198686107399967946,2025-06-11,VA,78,2025-06-11
87.236.176.146,74198686107399967946,2025-06-11,VA,25,2025-06-11
87.236.176.15,74198686107399967946,2025-06-11,VA,33,2025-06-11
87.236.176.16,74198686107399967946,2025-06-11,VA,65,2025-06-11
87.236.176.176,74198686107399967946,2025-06-11,VA,69,2025-06-11
87.236.176.199,74198686107399967946,2025-06-11,VA,55,2025-06-11
87.236.176.78,74198686107399967946,2025-06-11,VA,71,2025-06-11
87.236.176.85,74198686107399967946,2025-06-11,VA,64,2025-06-11
93.123.109.231,74198686107399967946,2025-06-11,VA,277,2025-06-11
hr-buyerguide.com,74198686107399967946,2025-06-11,VA,20,2025-06-11
link.mail.beehiiv.com,74198686107399967946,2025-06-11,VA,42,2025-06-11
rqipartners.com,74198686107399967946,2025-06-11,VA,108,2025-06-11
103.194.47.162,74198686107399967946,2025-06-12,VA,81,2025-06-12
103.207.37.51,74198686107399967946,2025-06-12,VA,150,2025-06-12
104.128.161.233,74198686107399967946,2025-06-12,VA,20,2025-06-12
104.152.52.105,74198686107399967946,2025-06-12,VA,4,2025-06-12
104.152.52.110,74198686107399967946,2025-06-12,VA,10,2025-06-12
104.152.52.139,74198686107399967946,2025-06-12,VA,7,2025-06-12
104.152.52.148,74198686107399967946,2025-06-12,VA,11,2025-06-12
104.152.52.212,74198686107399967946,2025-06-12,VA,9,2025-06-12
104.152.52.225,74198686107399967946,2025-06-12,VA,5,2025-06-12
104.152.52.237,74198686107399967946,2025-06-12,VA,8,2025-06-12
104.152.52.238,74198686107399967946,2025-06-12,VA,18,2025-06-12
104.152.52.242,74198686107399967946,2025-06-12,VA,12,2025-06-12
104.156.155.31,74198686107399967946,2025-06-12,VA,194,2025-06-12
104.167.221.114,74198686107399967946,2025-06-12,VA,23,2025-06-12
104.21.3.76,74198686107399967946,2025-06-12,VA,6,2025-06-12
104.234.115.77,74198686107399967946,2025-06-12,VA,3,2025-06-12
104.237.131.164,74198686107399967946,2025-06-12,VA,29,2025-06-12
104.237.151.205,74198686107399967946,2025-06-12,VA,48,2025-06-12
104.248.202.73,74198686107399967946,2025-06-12,VA,2,2025-06-12
107.174.224.18,74198686107399967946,2025-06-12,VA,54,2025-06-12
107.189.11.181,74198686107399967946,2025-06-12,VA,14,2025-06-12
118.193.59.10,74198686107399967946,2025-06-12,VA,13,2025-06-12
118.26.111.94,74198686107399967946,2025-06-12,VA,62,2025-06-12
124.156.231.182,74198686107399967946,2025-06-12,VA,21,2025-06-12
134.209.247.202,74198686107399967946,2025-06-12,VA,17,2025-06-12
141.98.11.147,74198686107399967946,2025-06-12,VA,119,2025-06-12
142.93.115.5,74198686107399967946,2025-06-12,VA,45,2025-06-12
146.70.45.166,74198686107399967946,2025-06-12,VA,49,2025-06-12
148.113.206.49,74198686107399967946,2025-06-12,VA,296,2025-06-12
148.153.189.62,74198686107399967946,2025-06-12,VA,28,2025-06-12
150.107.38.40,74198686107399967946,2025-06-12,VA,73,2025-06-12
157.230.162.215,74198686107399967946,2025-06-12,VA,32,2025-06-12
157.230.221.156,74198686107399967946,2025-06-12,VA,26,2025-06-12
165.154.135.215,74198686107399967946,2025-06-12,VA,145,2025-06-12
169.150.223.208,74198686107399967946,2025-06-12,VA,1,2025-06-12
172.240.108.68,74198686107399967946,2025-06-12,VA,47,2025-06-12
172.98.33.195,74198686107399967946,2025-06-12,VA,42,2025-06-12
176.65.148.194,74198686107399967946,2025-06-12,VA,25,2025-06-12
176.65.148.236,74198686107399967946,2025-06-12,VA,109,2025-06-12
176.65.149.182,74198686107399967946,2025-06-12,VA,192,2025-06-12
18.117.57.162,74198686107399967946,2025-06-12,VA,33,2025-06-12
18.223.104.85,74198686107399967946,2025-06-12,VA,35,2025-06-12
185.12.59.118,74198686107399967946,2025-06-12,VA,112,2025-06-12
185.169.4.150,74198686107399967946,2025-06-12,VA,84,2025-06-12
192.124.249.112,74198686107399967946,2025-06-12,VA,39,2025-06-12
193.163.125.103,74198686107399967946,2025-06-12,VA,95,2025-06-12
193.163.125.149,74198686107399967946,2025-06-12,VA,99,2025-06-12
193.163.125.153,74198686107399967946,2025-06-12,VA,103,2025-06-12
193.163.125.178,74198686107399967946,2025-06-12,VA,98,2025-06-12
193.24.211.30,74198686107399967946,2025-06-12,VA,38,2025-06-12
195.3.221.137,74198686107399967946,2025-06-12,VA,67,2025-06-12
196.251.115.46,74198686107399967946,2025-06-12,VA,19,2025-06-12
196.251.70.76,74198686107399967946,2025-06-12,VA,22,2025-06-12
196.251.72.29,74198686107399967946,2025-06-12,VA,59,2025-06-12
196.251.83.222,74198686107399967946,2025-06-12,VA,52,2025-06-12
196.251.87.59,74198686107399967946,2025-06-12,VA,121,2025-06-12
198.55.98.76,74198686107399967946,2025-06-12,VA,24,2025-06-12
204.76.203.206,74198686107399967946,2025-06-12,VA,280,2025-06-12
204.76.203.212,74198686107399967946,2025-06-12,VA,204,2025-06-12
217.170.194.54,74198686107399967946,2025-06-12,VA,93,2025-06-12
27.78.246.137,74198686107399967946,2025-06-12,VA,27,2025-06-12
45.135.57.192,74198686107399967946,2025-06-12,VA,87,2025-06-12
45.142.193.91,74198686107399967946,2025-06-12,VA,134,2025-06-12
45.33.120.158,74198686107399967946,2025-06-12,VA,66,2025-06-12
47.237.115.193,74198686107399967946,2025-06-12,VA,97,2025-06-12
50.31.156.115,74198686107399967946,2025-06-12,VA,65,2025-06-12
51.158.205.47,74198686107399967946,2025-06-12,VA,139,2025-06-12
64.62.197.145,74198686107399967946,2025-06-12,VA,63,2025-06-12
64.62.197.39,74198686107399967946,2025-06-12,VA,115,2025-06-12
64.62.197.43,74198686107399967946,2025-06-12,VA,117,2025-06-12
8.213.28.70,74198686107399967946,2025-06-12,VA,16,2025-06-12
83.222.190.246,74198686107399967946,2025-06-12,VA,70,2025-06-12
83.222.191.94,74198686107399967946,2025-06-12,VA,163,2025-06-12
87.236.176.117,74198686107399967946,2025-06-12,VA,72,2025-06-12
87.236.176.146,74198686107399967946,2025-06-12,VA,31,2025-06-12
87.236.176.16,74198686107399967946,2025-06-12,VA,86,2025-06-12
87.236.176.176,74198686107399967946,2025-06-12,VA,74,2025-06-12
87.236.176.39,74198686107399967946,2025-06-12,VA,36,2025-06-12
87.236.176.78,74198686107399967946,2025-06-12,VA,58,2025-06-12
87.236.176.85,74198686107399967946,2025-06-12,VA,91,2025-06-12
87.236.176.93,74198686107399967946,2025-06-12,VA,40,2025-06-12
link.mail.beehiiv.com,74198686107399967946,2025-06-12,VA,50,2025-06-12
rqipartners.com,74198686107399967946,2025-06-12,VA,120,2025-06-12
uploads-ssl.webflow.com,74198686107399967946,2025-06-12,VA,82,2025-06-12
vtext.com,74198686107399967946,2025-06-12,VA,57,2025-06-12
103.184.128.189,74198686107399967946,2025-06-13,VA,56,2025-06-13
103.194.47.162,74198686107399967946,2025-06-13,VA,83,2025-06-13
103.207.37.51,74198686107399967946,2025-06-13,VA,283,2025-06-13
103.215.25.250,74198686107399967946,2025-06-13,VA,4,2025-06-13
104.128.161.233,74198686107399967946,2025-06-13,VA,12,2025-06-13
104.152.52.110,74198686107399967946,2025-06-13,VA,30,2025-06-13
104.152.52.139,74198686107399967946,2025-06-13,VA,8,2025-06-13
104.152.52.155,74198686107399967946,2025-06-13,VA,13,2025-06-13
104.152.52.216,74198686107399967946,2025-06-13,VA,15,2025-06-13
104.152.52.225,74198686107399967946,2025-06-13,VA,6,2025-06-13
104.152.52.237,74198686107399967946,2025-06-13,VA,17,2025-06-13
104.152.52.238,74198686107399967946,2025-06-13,VA,21,2025-06-13
104.152.52.239,74198686107399967946,2025-06-13,VA,11,2025-06-13
104.152.52.242,74198686107399967946,2025-06-13,VA,9,2025-06-13
104.156.155.31,74198686107399967946,2025-06-13,VA,227,2025-06-13
104.167.221.114,74198686107399967946,2025-06-13,VA,74,2025-06-13
104.18.32.191,74198686107399967946,2025-06-13,VA,32,2025-06-13
104.237.131.164,74198686107399967946,2025-06-13,VA,50,2025-06-13
104.237.151.205,74198686107399967946,2025-06-13,VA,82,2025-06-13
107.174.224.18,74198686107399967946,2025-06-13,VA,39,2025-06-13
107.189.11.181,74198686107399967946,2025-06-13,VA,7,2025-06-13
118.193.72.187,74198686107399967946,2025-06-13,VA,34,2025-06-13
118.26.111.94,74198686107399967946,2025-06-13,VA,44,2025-06-13
124.156.231.182,74198686107399967946,2025-06-13,VA,58,2025-06-13
128.14.236.99,74198686107399967946,2025-06-13,VA,36,2025-06-13
134.209.247.202,74198686107399967946,2025-06-13,VA,48,2025-06-13
137.184.174.181,74198686107399967946,2025-06-13,VA,2,2025-06-13
141.98.11.147,74198686107399967946,2025-06-13,VA,132,2025-06-13
142.93.115.5,74198686107399967946,2025-06-13,VA,129,2025-06-13
148.113.206.49,74198686107399967946,2025-06-13,VA,292,2025-06-13
148.153.189.62,74198686107399967946,2025-06-13,VA,20,2025-06-13
150.107.38.40,74198686107399967946,2025-06-13,VA,53,2025-06-13
157.230.162.215,74198686107399967946,2025-06-13,VA,46,2025-06-13
157.230.221.156,74198686107399967946,2025-06-13,VA,47,2025-06-13
157.245.227.101,74198686107399967946,2025-06-13,VA,18,2025-06-13
165.154.135.215,74198686107399967946,2025-06-13,VA,160,2025-06-13
169.150.223.208,74198686107399967946,2025-06-13,VA,3,2025-06-13
172.240.108.68,74198686107399967946,2025-06-13,VA,62,2025-06-13
172.98.33.195,74198686107399967946,2025-06-13,VA,59,2025-06-13
176.65.149.182,74198686107399967946,2025-06-13,VA,91,2025-06-13
178.128.84.112,74198686107399967946,2025-06-13,VA,65,2025-06-13
18.117.57.162,74198686107399967946,2025-06-13,VA,31,2025-06-13
18.221.137.47,74198686107399967946,2025-06-13,VA,37,2025-06-13
180.214.238.62,74198686107399967946,2025-06-13,VA,73,2025-06-13
185.169.4.150,74198686107399967946,2025-06-13,VA,165,2025-06-13
188.166.106.38,74198686107399967946,2025-06-13,VA,35,2025-06-13
190.92.174.129,74198686107399967946,2025-06-13,VA,1,2025-06-13
192.124.249.112,74198686107399967946,2025-06-13,VA,38,2025-06-13
192.155.84.28,74198686107399967946,2025-06-13,VA,95,2025-06-13
193.163.125.149,74198686107399967946,2025-06-13,VA,99,2025-06-13
193.163.125.187,74198686107399967946,2025-06-13,VA,97,2025-06-13
196.251.69.91,74198686107399967946,2025-06-13,VA,16,2025-06-13
196.251.70.76,74198686107399967946,2025-06-13,VA,41,2025-06-13
196.251.83.136,74198686107399967946,2025-06-13,VA,29,2025-06-13
196.251.87.59,74198686107399967946,2025-06-13,VA,109,2025-06-13
198.55.98.76,74198686107399967946,2025-06-13,VA,64,2025-06-13
204.76.203.208,74198686107399967946,2025-06-13,VA,314,2025-06-13
204.76.203.212,74198686107399967946,2025-06-13,VA,265,2025-06-13
204.76.203.219,74198686107399967946,2025-06-13,VA,267,2025-06-13
211.38.170.163,74198686107399967946,2025-06-13,VA,79,2025-06-13
213.209.129.21,74198686107399967946,2025-06-13,VA,22,2025-06-13
217.170.194.54,74198686107399967946,2025-06-13,VA,87,2025-06-13
45.13.214.30,74198686107399967946,2025-06-13,VA,10,2025-06-13
45.142.193.91,74198686107399967946,2025-06-13,VA,151,2025-06-13
45.82.78.254,74198686107399967946,2025-06-13,VA,180,2025-06-13
45.95.146.59,74198686107399967946,2025-06-13,VA,63,2025-06-13
47.237.115.193,74198686107399967946,2025-06-13,VA,96,2025-06-13
50.31.156.115,74198686107399967946,2025-06-13,VA,51,2025-06-13
51.158.205.47,74198686107399967946,2025-06-13,VA,137,2025-06-13
64.62.197.145,74198686107399967946,2025-06-13,VA,60,2025-06-13
64.62.197.159,74198686107399967946,2025-06-13,VA,55,2025-06-13
64.62.197.39,74198686107399967946,2025-06-13,VA,118,2025-06-13
64.62.197.43,74198686107399967946,2025-06-13,VA,127,2025-06-13
69.164.207.173,74198686107399967946,2025-06-13,VA,23,2025-06-13
78.189.75.139,74198686107399967946,2025-06-13,VA,5,2025-06-13
8.213.28.70,74198686107399967946,2025-06-13,VA,27,2025-06-13
87.236.176.117,74198686107399967946,2025-06-13,VA,81,2025-06-13
87.236.176.207,74198686107399967946,2025-06-13,VA,40,2025-06-13
87.236.176.214,74198686107399967946,2025-06-13,VA,67,2025-06-13
87.236.176.223,74198686107399967946,2025-06-13,VA,68,2025-06-13
87.236.176.85,74198686107399967946,2025-06-13,VA,70,2025-06-13
87.236.176.93,74198686107399967946,2025-06-13,VA,43,2025-06-13
89.31.143.90,74198686107399967946,2025-06-13,VA,14,2025-06-13
biologyinsights.com,74198686107399967946,2025-06-13,VA,49,2025-06-13
enterpriseb2bwise.com,74198686107399967946,2025-06-13,VA,24,2025-06-13
mavink.com,74198686107399967946,2025-06-13,VA,25,2025-06-13
omnicell.com,74198686107399967946,2025-06-13,VA,42,2025-06-13
rqipartners.com,74198686107399967946,2025-06-13,VA,126,2025-06-13
uploads-ssl.webflow.com,74198686107399967946,2025-06-13,VA,98,2025-06-13
vtext.com,74198686107399967946,2025-06-13,VA,52,2025-06-13
103.149.86.208,74198686107399967946,2025-06-14,VA,6,2025-06-14
103.184.128.189,74198686107399967946,2025-06-14,VA,11,2025-06-14
103.194.47.162,74198686107399967946,2025-06-14,VA,85,2025-06-14
103.207.37.51,74198686107399967946,2025-06-14,VA,105,2025-06-14
104.128.161.233,74198686107399967946,2025-06-14,VA,18,2025-06-14
104.152.52.105,74198686107399967946,2025-06-14,VA,13,2025-06-14
104.152.52.110,74198686107399967946,2025-06-14,VA,26,2025-06-14
104.152.52.139,74198686107399967946,2025-06-14,VA,8,2025-06-14
104.152.52.148,74198686107399967946,2025-06-14,VA,10,2025-06-14
104.152.52.155,74198686107399967946,2025-06-14,VA,9,2025-06-14
104.152.52.212,74198686107399967946,2025-06-14,VA,14,2025-06-14
104.152.52.216,74198686107399967946,2025-06-14,VA,7,2025-06-14
104.152.52.237,74198686107399967946,2025-06-14,VA,12,2025-06-14
104.152.52.238,74198686107399967946,2025-06-14,VA,19,2025-06-14
104.152.52.242,74198686107399967946,2025-06-14,VA,15,2025-06-14
104.156.155.31,74198686107399967946,2025-06-14,VA,38,2025-06-14
104.167.221.114,74198686107399967946,2025-06-14,VA,3,2025-06-14
104.18.32.191,74198686107399967946,2025-06-14,VA,4,2025-06-14
104.21.3.76,74198686107399967946,2025-06-14,VA,1,2025-06-14
104.237.131.164,74198686107399967946,2025-06-14,VA,47,2025-06-14
104.237.151.205,74198686107399967946,2025-06-14,VA,111,2025-06-14
118.193.72.187,74198686107399967946,2025-06-14,VA,60,2025-06-14
118.26.111.94,74198686107399967946,2025-06-14,VA,39,2025-06-14
123.58.209.112,74198686107399967946,2025-06-14,VA,22,2025-06-14
124.156.231.182,74198686107399967946,2025-06-14,VA,52,2025-06-14
128.14.236.99,74198686107399967946,2025-06-14,VA,37,2025-06-14
134.209.247.202,74198686107399967946,2025-06-14,VA,27,2025-06-14
142.93.115.5,74198686107399967946,2025-06-14,VA,99,2025-06-14
148.113.206.49,74198686107399967946,2025-06-14,VA,292,2025-06-14
150.107.38.40,74198686107399967946,2025-06-14,VA,25,2025-06-14
157.230.162.215,74198686107399967946,2025-06-14,VA,48,2025-06-14
157.230.221.156,74198686107399967946,2025-06-14,VA,46,2025-06-14
157.245.227.101,74198686107399967946,2025-06-14,VA,20,2025-06-14
162.241.225.237,74198686107399967946,2025-06-14,VA,34,2025-06-14
165.154.135.215,74198686107399967946,2025-06-14,VA,160,2025-06-14
167.99.13.19,74198686107399967946,2025-06-14,VA,95,2025-06-14
169.150.223.208,74198686107399967946,2025-06-14,VA,2,2025-06-14
172.98.33.195,74198686107399967946,2025-06-14,VA,40,2025-06-14
178.128.84.112,74198686107399967946,2025-06-14,VA,50,2025-06-14
18.223.104.85,74198686107399967946,2025-06-14,VA,36,2025-06-14
185.169.4.150,74198686107399967946,2025-06-14,VA,121,2025-06-14
192.124.249.112,74198686107399967946,2025-06-14,VA,21,2025-06-14
192.155.84.28,74198686107399967946,2025-06-14,VA,93,2025-06-14
193.163.125.178,74198686107399967946,2025-06-14,VA,98,2025-06-14
196.251.70.216,74198686107399967946,2025-06-14,VA,23,2025-06-14
196.251.72.29,74198686107399967946,2025-06-14,VA,59,2025-06-14
196.251.85.193,74198686107399967946,2025-06-14,VA,17,2025-06-14
196.251.87.59,74198686107399967946,2025-06-14,VA,130,2025-06-14
204.76.203.206,74198686107399967946,2025-06-14,VA,280,2025-06-14
204.76.203.208,74198686107399967946,2025-06-14,VA,326,2025-06-14
204.76.203.212,74198686107399967946,2025-06-14,VA,276,2025-06-14
204.76.203.219,74198686107399967946,2025-06-14,VA,266,2025-06-14
211.38.170.163,74198686107399967946,2025-06-14,VA,79,2025-06-14
213.209.143.38,74198686107399967946,2025-06-14,VA,32,2025-06-14
217.170.194.54,74198686107399967946,2025-06-14,VA,87,2025-06-14
27.78.246.137,74198686107399967946,2025-06-14,VA,53,2025-06-14
45.142.193.91,74198686107399967946,2025-06-14,VA,165,2025-06-14
45.82.78.254,74198686107399967946,2025-06-14,VA,164,2025-06-14
45.95.146.59,74198686107399967946,2025-06-14,VA,62,2025-06-14
47.237.115.193,74198686107399967946,2025-06-14,VA,96,2025-06-14
47.250.57.32,74198686107399967946,2025-06-14,VA,119,2025-06-14
5.188.206.114,74198686107399967946,2025-06-14,VA,97,2025-06-14
51.158.205.47,74198686107399967946,2025-06-14,VA,157,2025-06-14
64.62.197.226,74198686107399967946,2025-06-14,VA,133,2025-06-14
64.62.197.43,74198686107399967946,2025-06-14,VA,115,2025-06-14
69.164.207.173,74198686107399967946,2025-06-14,VA,67,2025-06-14
83.222.190.246,74198686107399967946,2025-06-14,VA,136,2025-06-14
83.222.191.10,74198686107399967946,2025-06-14,VA,89,2025-06-14
83.222.191.2,74198686107399967946,2025-06-14,VA,91,2025-06-14
83.222.191.94,74198686107399967946,2025-06-14,VA,129,2025-06-14
87.236.176.117,74198686107399967946,2025-06-14,VA,58,2025-06-14
87.236.176.146,74198686107399967946,2025-06-14,VA,35,2025-06-14
87.236.176.15,74198686107399967946,2025-06-14,VA,43,2025-06-14
87.236.176.199,74198686107399967946,2025-06-14,VA,88,2025-06-14
87.236.176.207,74198686107399967946,2025-06-14,VA,41,2025-06-14
87.236.176.214,74198686107399967946,2025-06-14,VA,82,2025-06-14
87.236.176.85,74198686107399967946,2025-06-14,VA,83,2025-06-14
89.42.231.140,74198686107399967946,2025-06-14,VA,65,2025-06-14
biologyinsights.com,74198686107399967946,2025-06-14,VA,33,2025-06-14
mavink.com,74198686107399967946,2025-06-14,VA,5,2025-06-14
rqipartners.com,74198686107399967946,2025-06-14,VA,76,2025-06-14
uploads-ssl.webflow.com,74198686107399967946,2025-06-14,VA,92,2025-06-14
103.149.86.208,74198686107399967946,2025-06-15,VA,49,2025-06-15
103.194.47.162,74198686107399967946,2025-06-15,VA,95,2025-06-15
103.61.44.100,74198686107399967946,2025-06-15,VA,26,2025-06-15
104.152.52.212,74198686107399967946,2025-06-15,VA,4,2025-06-15
104.152.52.239,74198686107399967946,2025-06-15,VA,3,2025-06-15
104.156.155.31,74198686107399967946,2025-06-15,VA,177,2025-06-15
104.156.155.35,74198686107399967946,2025-06-15,VA,12,2025-06-15
104.167.221.114,74198686107399967946,2025-06-15,VA,1,2025-06-15
104.234.115.77,74198686107399967946,2025-06-15,VA,11,2025-06-15
104.237.131.164,74198686107399967946,2025-06-15,VA,28,2025-06-15
107.174.224.18,74198686107399967946,2025-06-15,VA,55,2025-06-15
107.189.11.181,74198686107399967946,2025-06-15,VA,20,2025-06-15
118.179.198.193,74198686107399967946,2025-06-15,VA,6,2025-06-15
118.193.72.187,74198686107399967946,2025-06-15,VA,24,2025-06-15
118.26.111.94,74198686107399967946,2025-06-15,VA,61,2025-06-15
123.58.209.112,74198686107399967946,2025-06-15,VA,43,2025-06-15
124.156.231.182,74198686107399967946,2025-06-15,VA,70,2025-06-15
128.14.236.99,74198686107399967946,2025-06-15,VA,41,2025-06-15
134.209.247.202,74198686107399967946,2025-06-15,VA,13,2025-06-15
139.59.32.169,74198686107399967946,2025-06-15,VA,8,2025-06-15
141.98.11.147,74198686107399967946,2025-06-15,VA,205,2025-06-15
142.93.115.5,74198686107399967946,2025-06-15,VA,135,2025-06-15
146.70.211.67,74198686107399967946,2025-06-15,VA,2,2025-06-15
146.70.45.166,74198686107399967946,2025-06-15,VA,17,2025-06-15
148.113.206.49,74198686107399967946,2025-06-15,VA,298,2025-06-15
148.153.189.62,74198686107399967946,2025-06-15,VA,40,2025-06-15
150.107.38.40,74198686107399967946,2025-06-15,VA,52,2025-06-15
157.230.162.215,74198686107399967946,2025-06-15,VA,30,2025-06-15
157.245.227.101,74198686107399967946,2025-06-15,VA,33,2025-06-15
165.154.135.215,74198686107399967946,2025-06-15,VA,173,2025-06-15
165.154.54.189,74198686107399967946,2025-06-15,VA,21,2025-06-15
167.99.13.19,74198686107399967946,2025-06-15,VA,145,2025-06-15
172.240.108.68,74198686107399967946,2025-06-15,VA,35,2025-06-15
172.98.33.195,74198686107399967946,2025-06-15,VA,15,2025-06-15
176.65.149.182,74198686107399967946,2025-06-15,VA,101,2025-06-15
178.128.84.112,74198686107399967946,2025-06-15,VA,78,2025-06-15
178.62.1.211,74198686107399967946,2025-06-15,VA,16,2025-06-15
18.117.57.162,74198686107399967946,2025-06-15,VA,31,2025-06-15
18.223.104.85,74198686107399967946,2025-06-15,VA,34,2025-06-15
183.108.86.173,74198686107399967946,2025-06-15,VA,97,2025-06-15
185.169.4.150,74198686107399967946,2025-06-15,VA,153,2025-06-15
192.155.84.28,74198686107399967946,2025-06-15,VA,51,2025-06-15
192.200.148.242,74198686107399967946,2025-06-15,VA,5,2025-06-15
193.163.125.149,74198686107399967946,2025-06-15,VA,102,2025-06-15
195.3.221.137,74198686107399967946,2025-06-15,VA,14,2025-06-15
196.251.69.91,74198686107399967946,2025-06-15,VA,38,2025-06-15
196.251.83.136,74198686107399967946,2025-06-15,VA,10,2025-06-15
196.251.84.199,74198686107399967946,2025-06-15,VA,50,2025-06-15
196.251.87.59,74198686107399967946,2025-06-15,VA,131,2025-06-15
198.55.98.76,74198686107399967946,2025-06-15,VA,63,2025-06-15
204.76.203.206,74198686107399967946,2025-06-15,VA,275,2025-06-15
204.76.203.208,74198686107399967946,2025-06-15,VA,321,2025-06-15
204.76.203.212,74198686107399967946,2025-06-15,VA,285,2025-06-15
204.76.203.219,74198686107399967946,2025-06-15,VA,267,2025-06-15
207.54.149.118,74198686107399967946,2025-06-15,VA,99,2025-06-15
209.141.35.136,74198686107399967946,2025-06-15,VA,53,2025-06-15
217.170.194.54,74198686107399967946,2025-06-15,VA,93,2025-06-15
37.19.200.151,74198686107399967946,2025-06-15,VA,32,2025-06-15
45.142.193.91,74198686107399967946,2025-06-15,VA,142,2025-06-15
45.33.120.158,74198686107399967946,2025-06-15,VA,60,2025-06-15
45.82.78.254,74198686107399967946,2025-06-15,VA,161,2025-06-15
45.95.146.59,74198686107399967946,2025-06-15,VA,66,2025-06-15
46.101.100.241,74198686107399967946,2025-06-15,VA,23,2025-06-15
47.237.115.193,74198686107399967946,2025-06-15,VA,98,2025-06-15
51.158.205.47,74198686107399967946,2025-06-15,VA,155,2025-06-15
64.62.197.145,74198686107399967946,2025-06-15,VA,59,2025-06-15
64.62.197.159,74198686107399967946,2025-06-15,VA,65,2025-06-15
64.62.197.39,74198686107399967946,2025-06-15,VA,108,2025-06-15
64.62.197.43,74198686107399967946,2025-06-15,VA,139,2025-06-15
69.164.207.173,74198686107399967946,2025-06-15,VA,82,2025-06-15
79.127.217.35,74198686107399967946,2025-06-15,VA,9,2025-06-15
83.222.190.246,74198686107399967946,2025-06-15,VA,117,2025-06-15
83.222.191.150,74198686107399967946,2025-06-15,VA,69,2025-06-15
83.222.191.94,74198686107399967946,2025-06-15,VA,160,2025-06-15
87.236.176.117,74198686107399967946,2025-06-15,VA,56,2025-06-15
87.236.176.146,74198686107399967946,2025-06-15,VA,45,2025-06-15
87.236.176.15,74198686107399967946,2025-06-15,VA,36,2025-06-15
87.236.176.16,74198686107399967946,2025-06-15,VA,58,2025-06-15
87.236.176.176,74198686107399967946,2025-06-15,VA,94,2025-06-15
87.236.176.214,74198686107399967946,2025-06-15,VA,74,2025-06-15
87.236.176.223,74198686107399967946,2025-06-15,VA,80,2025-06-15
87.236.176.53,74198686107399967946,2025-06-15,VA,29,2025-06-15
87.236.176.78,74198686107399967946,2025-06-15,VA,44,2025-06-15
87.236.176.85,74198686107399967946,2025-06-15,VA,85,2025-06-15
89.42.231.140,74198686107399967946,2025-06-15,VA,22,2025-06-15
uploads-ssl.webflow.com,74198686107399967946,2025-06-15,VA,68,2025-06-15
103.120.176.224,74198686107399967946,2025-06-16,VA,21,2025-06-16
103.149.86.208,74198686107399967946,2025-06-16,VA,2,2025-06-16
103.159.239.202,74198686107399967946,2025-06-16,VA,3,2025-06-16
103.191.76.181,74198686107399967946,2025-06-16,VA,393,2025-06-16
103.194.47.162,74198686107399967946,2025-06-16,VA,59,2025-06-16
103.231.231.118,74198686107399967946,2025-06-16,VA,37,2025-06-16
103.53.40.64,74198686107399967946,2025-06-16,VA,34,2025-06-16
103.97.126.116,74198686107399967946,2025-06-16,VA,16,2025-06-16
104.152.52.105,74198686107399967946,2025-06-16,VA,5,2025-06-16
104.152.52.110,74198686107399967946,2025-06-16,VA,6,2025-06-16
104.152.52.139,74198686107399967946,2025-06-16,VA,9,2025-06-16
104.152.52.148,74198686107399967946,2025-06-16,VA,10,2025-06-16
104.152.52.212,74198686107399967946,2025-06-16,VA,12,2025-06-16
104.152.52.216,74198686107399967946,2025-06-16,VA,8,2025-06-16
104.152.52.238,74198686107399967946,2025-06-16,VA,26,2025-06-16
104.152.52.242,74198686107399967946,2025-06-16,VA,4,2025-06-16
104.156.155.31,74198686107399967946,2025-06-16,VA,113,2025-06-16
104.167.221.114,74198686107399967946,2025-06-16,VA,142,2025-06-16
104.18.32.191,74198686107399967946,2025-06-16,VA,23,2025-06-16
104.21.3.76,74198686107399967946,2025-06-16,VA,1,2025-06-16
104.237.131.164,74198686107399967946,2025-06-16,VA,49,2025-06-16
104.237.151.205,74198686107399967946,2025-06-16,VA,93,2025-06-16
107.174.224.18,74198686107399967946,2025-06-16,VA,76,2025-06-16
111.118.215.174,74198686107399967946,2025-06-16,VA,53,2025-06-16
113.197.35.48,74198686107399967946,2025-06-16,VA,24,2025-06-16
118.26.111.94,74198686107399967946,2025-06-16,VA,57,2025-06-16
123.58.209.112,74198686107399967946,2025-06-16,VA,56,2025-06-16
128.14.236.99,74198686107399967946,2025-06-16,VA,15,2025-06-16
142.93.115.5,74198686107399967946,2025-06-16,VA,149,2025-06-16
143.244.47.79,74198686107399967946,2025-06-16,VA,11,2025-06-16
146.70.45.166,74198686107399967946,2025-06-16,VA,22,2025-06-16
148.113.206.49,74198686107399967946,2025-06-16,VA,295,2025-06-16
148.153.189.62,74198686107399967946,2025-06-16,VA,30,2025-06-16
15.235.167.214,74198686107399967946,2025-06-16,VA,28,2025-06-16
150.107.38.40,74198686107399967946,2025-06-16,VA,66,2025-06-16
150.95.110.113,74198686107399967946,2025-06-16,VA,40,2025-06-16
157.230.162.215,74198686107399967946,2025-06-16,VA,48,2025-06-16
157.230.221.156,74198686107399967946,2025-06-16,VA,45,2025-06-16
159.65.152.66,74198686107399967946,2025-06-16,VA,31,2025-06-16
159.65.6.6,74198686107399967946,2025-06-16,VA,1183,2025-06-16
165.154.135.215,74198686107399967946,2025-06-16,VA,170,2025-06-16
165.154.54.189,74198686107399967946,2025-06-16,VA,43,2025-06-16
167.99.13.19,74198686107399967946,2025-06-16,VA,137,2025-06-16
172.240.108.68,74198686107399967946,2025-06-16,VA,41,2025-06-16
176.65.148.250,74198686107399967946,2025-06-16,VA,106,2025-06-16
176.65.149.182,74198686107399967946,2025-06-16,VA,95,2025-06-16
178.128.84.112,74198686107399967946,2025-06-16,VA,72,2025-06-16
18.221.137.47,74198686107399967946,2025-06-16,VA,44,2025-06-16
18.223.104.85,74198686107399967946,2025-06-16,VA,29,2025-06-16
183.108.86.173,74198686107399967946,2025-06-16,VA,69,2025-06-16
183.82.35.191,74198686107399967946,2025-06-16,VA,139,2025-06-16
185.12.59.118,74198686107399967946,2025-06-16,VA,51,2025-06-16
185.169.4.150,74198686107399967946,2025-06-16,VA,145,2025-06-16
185.227.152.113,74198686107399967946,2025-06-16,VA,47,2025-06-16
188.166.106.38,74198686107399967946,2025-06-16,VA,39,2025-06-16
190.202.131.222,74198686107399967946,2025-06-16,VA,13,2025-06-16
193.163.125.149,74198686107399967946,2025-06-16,VA,97,2025-06-16
193.163.125.153,74198686107399967946,2025-06-16,VA,101,2025-06-16
196.251.115.46,74198686107399967946,2025-06-16,VA,58,2025-06-16
196.251.72.29,74198686107399967946,2025-06-16,VA,89,2025-06-16
196.251.87.59,74198686107399967946,2025-06-16,VA,131,2025-06-16
198.55.98.76,74198686107399967946,2025-06-16,VA,64,2025-06-16
204.76.203.206,74198686107399967946,2025-06-16,VA,271,2025-06-16
204.76.203.208,74198686107399967946,2025-06-16,VA,65,2025-06-16
204.76.203.212,74198686107399967946,2025-06-16,VA,259,2025-06-16
204.76.203.219,74198686107399967946,2025-06-16,VA,248,2025-06-16
217.170.194.54,74198686107399967946,2025-06-16,VA,87,2025-06-16
27.254.163.163,74198686107399967946,2025-06-16,VA,17,2025-06-16
27.78.246.137,74198686107399967946,2025-06-16,VA,19,2025-06-16
37.19.200.151,74198686107399967946,2025-06-16,VA,35,2025-06-16
45.142.193.185,74198686107399967946,2025-06-16,VA,14,2025-06-16
45.142.193.91,74198686107399967946,2025-06-16,VA,153,2025-06-16
45.82.78.254,74198686107399967946,2025-06-16,VA,129,2025-06-16
45.95.146.59,74198686107399967946,2025-06-16,VA,52,2025-06-16
46.101.100.241,74198686107399967946,2025-06-16,VA,27,2025-06-16
47.237.115.193,74198686107399967946,2025-06-16,VA,94,2025-06-16
47.250.57.32,74198686107399967946,2025-06-16,VA,99,2025-06-16
51.158.205.47,74198686107399967946,2025-06-16,VA,179,2025-06-16
62.72.14.154,74198686107399967946,2025-06-16,VA,7,2025-06-16
64.62.197.159,74198686107399967946,2025-06-16,VA,67,2025-06-16
64.62.197.226,74198686107399967946,2025-06-16,VA,119,2025-06-16
64.62.197.43,74198686107399967946,2025-06-16,VA,117,2025-06-16
8.213.28.70,74198686107399967946,2025-06-16,VA,20,2025-06-16
83.222.190.246,74198686107399967946,2025-06-16,VA,121,2025-06-16
83.222.191.94,74198686107399967946,2025-06-16,VA,81,2025-06-16
87.236.176.15,74198686107399967946,2025-06-16,VA,38,2025-06-16
87.236.176.16,74198686107399967946,2025-06-16,VA,50,2025-06-16
87.236.176.214,74198686107399967946,2025-06-16,VA,82,2025-06-16
87.236.176.223,74198686107399967946,2025-06-16,VA,73,2025-06-16
87.236.176.78,74198686107399967946,2025-06-16,VA,92,2025-06-16
87.236.176.85,74198686107399967946,2025-06-16,VA,70,2025-06-16
link.mail.beehiiv.com,74198686107399967946,2025-06-16,VA,42,2025-06-16
rqipartners.com,74198686107399967946,2025-06-16,VA,96,2025-06-16
uploads-ssl.webflow.com,74198686107399967946,2025-06-16,VA,90,2025-06-16
83.222.190.246,74198686107399967946,2025-06-17,VA,54,2025-06-17
5.188.206.114,74198686107399967946,2025-06-17,VA,39,2025-06-17
45.142.193.91,74198686107399967946,2025-06-17,VA,75,2025-06-17
83.222.191.94,74198686107399967946,2025-06-17,VA,70,2025-06-17
196.251.83.136,74198686107399967946,2025-06-17,VA,7,2025-06-17
104.237.151.205,74198686107399967946,2025-06-17,VA,55,2025-06-17
69.164.207.173,74198686107399967946,2025-06-17,VA,51,2025-06-17
204.76.203.212,74198686107399967946,2025-06-17,VA,112,2025-06-17
204.76.203.206,74198686107399967946,2025-06-17,VA,117,2025-06-17
204.76.203.219,74198686107399967946,2025-06-17,VA,86,2025-06-17
148.113.206.49,74198686107399967946,2025-06-17,VA,122,2025-06-17
204.76.203.208,74198686107399967946,2025-06-17,VA,115,2025-06-17
209.141.35.136,74198686107399967946,2025-06-17,VA,21,2025-06-17
196.251.72.29,74198686107399967946,2025-06-17,VA,43,2025-06-17
104.167.221.114,74198686107399967946,2025-06-17,VA,73,2025-06-17
185.169.4.150,74198686107399967946,2025-06-17,VA,50,2025-06-17
51.158.205.47,74198686107399967946,2025-06-17,VA,69,2025-06-17
148.153.189.62,74198686107399967946,2025-06-17,VA,14,2025-06-17
89.42.231.140,74198686107399967946,2025-06-17,VA,101,2025-06-17
157.230.162.215,74198686107399967946,2025-06-17,VA,18,2025-06-17
18.221.137.47,74198686107399967946,2025-06-17,VA,16,2025-06-17
167.99.13.19,74198686107399967946,2025-06-17,VA,57,2025-06-17
47.237.115.193,74198686107399967946,2025-06-17,VA,40,2025-06-17
18.223.104.85,74198686107399967946,2025-06-17,VA,17,2025-06-17
107.174.224.18,74198686107399967946,2025-06-17,VA,38,2025-06-17
18.117.57.162,74198686107399967946,2025-06-17,VA,15,2025-06-17
195.3.221.137,74198686107399967946,2025-06-17,VA,20,2025-06-17
193.163.125.178,74198686107399967946,2025-06-17,VA,41,2025-06-17
150.107.38.40,74198686107399967946,2025-06-17,VA,29,2025-06-17
165.154.135.215,74198686107399967946,2025-06-17,VA,72,2025-06-17
96.126.110.22,74198686107399967946,2025-06-17,VA,19,2025-06-17
118.26.111.94,74198686107399967946,2025-06-17,VA,27,2025-06-17
124.156.231.182,74198686107399967946,2025-06-17,VA,24,2025-06-17
78.189.75.139,74198686107399967946,2025-06-17,VA,26,2025-06-17
64.62.197.43,74198686107399967946,2025-06-17,VA,37,2025-06-17
64.62.197.226,74198686107399967946,2025-06-17,VA,61,2025-06-17
64.62.197.39,74198686107399967946,2025-06-17,VA,45,2025-06-17
157.245.227.101,74198686107399967946,2025-06-17,VA,9,2025-06-17
165.154.54.189,74198686107399967946,2025-06-17,VA,5,2025-06-17
64.62.197.145,74198686107399967946,2025-06-17,VA,28,2025-06-17
178.128.84.112,74198686107399967946,2025-06-17,VA,25,2025-06-17
128.14.236.99,74198686107399967946,2025-06-17,VA,8,2025-06-17
176.65.148.234,74198686107399967946,2025-06-17,VA,6,2025-06-17
47.250.57.32,74198686107399967946,2025-06-17,VA,47,2025-06-17
104.156.155.31,74198686107399967946,2025-06-17,VA,74,2025-06-17
45.82.78.254,74198686107399967946,2025-06-17,VA,83,2025-06-17
uploads-ssl.webflow.com,74198686107399967946,2025-06-17,VA,34,2025-06-17
185.242.226.80,74198686107399967946,2025-06-17,VA,10,2025-06-17
45.91.250.107,74198686107399967946,2025-06-17,VA,3,2025-06-17
87.236.176.78,74198686107399967946,2025-06-17,VA,44,2025-06-17
172.240.108.68,74198686107399967946,2025-06-17,VA,12,2025-06-17
vtext.com,74198686107399967946,2025-06-17,VA,23,2025-06-17
87.236.176.214,74198686107399967946,2025-06-17,VA,32,2025-06-17
87.236.176.85,74198686107399967946,2025-06-17,VA,31,2025-06-17
87.236.176.199,74198686107399967946,2025-06-17,VA,22,2025-06-17
104.152.52.237,74198686107399967946,2025-06-17,VA,2,2025-06-17
192.124.249.112,74198686107399967946,2025-06-17,VA,13,2025-06-17
46.101.100.241,74198686107399967946,2025-06-17,VA,11,2025-06-17
169.150.223.208,74198686107399967946,2025-06-17,VA,1,2025-06-17
37.19.200.151,74198686107399967946,2025-06-17,VA,4,2025-06-17
